
======================================================================
=== T-Rex Results (averaged over 200 Monte Carlo runs) ===
======================================================================

  SNR                           0.1       0.2       0.5       0.6       1.0       2.0       5.0
-----------------------------------------------------------------------------------------------

Normal
  FDR                        0.0125    0.0149    0.0268    0.0283    0.0327    0.0312    0.0305
  TPR                        0.0015    0.0205    0.2595    0.3855    0.8865    0.9990    1.0000
  Avg L                      2.7200    4.7000    6.0950    5.5050    2.7300    1.1900    1.1450
  Avg T                      4.5150    4.0100    5.5650    6.3600    5.9450    4.7800    4.7700

Uniform
  FDR                        0.0175    0.0083    0.0314    0.0273    0.0345    0.0323    0.0316
  TPR                        0.0025    0.0165    0.2560    0.3845    0.8850    0.9990    1.0000
  Avg L                      2.6800    4.7550    6.2450    5.5600    2.8050    1.2200    1.1800
  Avg T                      4.4250    3.9400    5.5500    5.7800    6.2800    5.1000    4.8800

Rademacher
  FDR                        0.0100    0.0221    0.0277    0.0335    0.0324    0.0348    0.0309
  TPR                        0.0030    0.0235    0.2710    0.3830    0.8910    0.9990    1.0000
  Avg L                      2.6950    4.8400    6.1500    5.5200    2.7750    1.2200    1.1650
  Avg T                      4.4250    4.2350    5.6550    6.2850    6.1700    5.1900    4.9000

StudentT_df3
  FDR                        0.0100    0.0079    0.0338    0.0269    0.0295    0.0310    0.0272
  TPR                        0.0015    0.0205    0.2690    0.3795    0.8830    0.9985    1.0000
  Avg L                      2.7000    4.6350    6.1000    5.7550    2.5600    1.1600    1.1550
  Avg T                      4.3200    4.0700    5.5950    6.3400    5.9450    4.9500    4.8450

StudentT_df5
  FDR                        0.0200    0.0163    0.0309    0.0273    0.0339    0.0349    0.0299
  TPR                        0.0020    0.0205    0.2680    0.3815    0.8925    0.9990    1.0000
  Avg L                      2.7350    4.8100    6.4650    5.6050    2.7200    1.1900    1.1750
  Avg T                      4.3650    4.1100    5.7150    6.2550    6.0800    5.0450    5.0200

Laplace
  FDR                        0.0125    0.0154    0.0267    0.0250    0.0303    0.0333    0.0298
  TPR                        0.0010    0.0195    0.2595    0.3910    0.8805    0.9990    1.0000
  Avg L                      2.6950    4.8200    6.2350    5.6350    2.6600    1.2200    1.1450
  Avg T                      4.2450    4.0450    5.3600    6.0400    6.2100    5.0050    4.9250

Gumbel
  FDR                        0.0200    0.0104    0.0252    0.0277    0.0338    0.0336    0.0323
  TPR                        0.0025    0.0185    0.2665    0.3960    0.8885    0.9990    1.0000
  Avg L                      2.8200    4.6950    6.2650    5.4650    2.5300    1.2200    1.1950
  Avg T                      4.4050    3.9400    5.5450    6.2050    5.9300    5.0400    5.0900

Triangle
  FDR                        0.0200    0.0107    0.0330    0.0278    0.0366    0.0307    0.0365
  TPR                        0.0005    0.0195    0.2705    0.3970    0.8915    0.9990    1.0000
  Avg L                      2.7250    4.8350    6.2400    5.5450    2.5550    1.1750    1.2300
  Avg T                      4.4100    4.0700    5.5600    6.1450    6.2000    4.8700    5.0950

Logistic
  FDR                        0.0075    0.0104    0.0283    0.0275    0.0322    0.0315    0.0313
  TPR                        0.0020    0.0210    0.2615    0.3775    0.8940    0.9985    1.0000
  Avg L                      2.7150    4.6700    6.2800    5.8050    2.8150    1.1600    1.1500
  Avg T                      4.2650    4.1300    5.3750    6.1700    6.2250    5.0000    5.0450

Mammen
  FDR                        0.0150    0.0087    0.0312    0.0282    0.0361    0.0348    0.0345
  TPR                        0.0010    0.0215    0.2605    0.3805    0.8945    0.9990    1.0000
  Avg L                      2.7000    4.6700    6.3050    5.7650    2.7300    1.2300    1.2150
  Avg T                      4.4350    4.2400    5.4550    6.2650    6.3450    5.1450    4.9900

SparseRad_s0.1
  FDR                        0.0175    0.0104    0.0238    0.0270    0.0342    0.0317    0.0333
  TPR                        0.0020    0.0195    0.2625    0.3830    0.8925    0.9990    1.0000
  Avg L                      2.7450    4.7750    6.2050    5.8350    2.6450    1.1950    1.1500
  Avg T                      4.4250    3.9150    5.3900    6.1350    6.0750    5.1000    4.9450

UnifSphere_d5
  FDR                        0.0175    0.0066    0.0340    0.0257    0.0325    0.0325    0.0316
  TPR                        0.0020    0.0205    0.2585    0.3795    0.8920    0.9990    1.0000
  Avg L                      2.7200    4.6900    6.2800    5.6800    2.6200    1.2200    1.1750
  Avg T                      4.5550    3.8150    5.5500    6.2800    6.0300    4.8850    5.0150

