
======================================================================
=== T-Rex Results (averaged over 10 Monte Carlo runs) ===
======================================================================

Solver          Metric    SNR       0.1       0.2       0.3       0.4       0.5       0.6       0.7       0.8       0.9       1.0       1.1       1.2       1.3       1.4       1.5       1.6       1.7       1.8       1.9       2.0       5.0
-----------------------------------------------------------------------------------------------------------------------------------------------------------------------------------------------------------------------------------------------
Normal          FDR              0.0000    0.1583    0.0500    0.0450    0.0250    0.0869    0.0333    0.1021    0.0490    0.0316    0.0550    0.0518    0.0327    0.0901    0.0258    0.0621    0.0000    0.0439    0.0348    0.0543    0.0182
                TPR              0.0000    0.0500    0.0400    0.2400    0.2200    0.3400    0.4500    0.5800    0.6500    0.7000    0.8700    0.8100    0.8300    0.9200    0.9600    0.9600    1.0000    1.0000    0.9900    0.9500    1.0000
                Avg L            1.7000    7.6000    7.1000    6.5000    6.4000    6.1000    5.3000    4.6000    4.0000    4.3000    3.2000    2.3000    3.5000    3.0000    2.4000    2.6000    1.8000    2.3000    2.0000    1.7000    1.2000
                Avg T            4.4000    7.5000    5.5000    5.1000    5.3000    5.4000    5.3000    7.4000    5.6000    8.2000    7.3000    6.1000    7.8000    7.9000    6.7000    6.4000    4.9000    5.9000    9.4000    5.0000    4.7000

Uniform         FDR              0.0000    0.1000    0.0500    0.0250    0.0417    0.0771    0.0767    0.1058    0.0354    0.0216    0.0393    0.0643    0.0689    0.0855    0.0258    0.0785    0.0091    0.0258    0.0373    0.0682    0.0182
                TPR              0.0000    0.0200    0.0400    0.2300    0.2400    0.3200    0.3900    0.6000    0.6700    0.7000    0.8700    0.8100    0.8300    0.9200    0.9800    0.9500    0.9900    0.9900    0.9900    0.9900    1.0000
                Avg L            1.7000    7.9000    5.8000    6.2000    6.4000    6.5000    4.3000    4.8000    4.5000    4.2000    2.8000    3.3000    3.3000    3.4000    2.2000    2.4000    1.7000    1.8000    1.8000    2.1000    1.3000
                Avg T            4.0000    3.5000    9.1000    5.6000    6.0000    6.1000    5.1000    6.3000   16.1000    6.2000    7.9000    5.9000    8.1000    9.1000    7.1000    5.3000    5.1000    6.4000    5.9000    5.9000    5.1000

Rademacher      FDR              0.0000    0.1333    0.0500    0.0250    0.0583    0.0875    0.0500    0.0969    0.0497    0.0345    0.0823    0.0225    0.0598    0.0835    0.0267    0.0694    0.0000    0.0273    0.0515    0.0697    0.0364
                TPR              0.0000    0.0300    0.0300    0.2000    0.1900    0.3300    0.4800    0.5800    0.6400    0.6900    0.9000    0.8300    0.8400    0.9100    0.9400    0.9500    1.0000    1.0000    0.9800    0.9900    1.0000
                Avg L            1.7000    7.4000    6.6000    6.6000    6.8000    5.7000    5.3000    4.1000    4.4000    3.7000    3.4000    3.0000    2.4000    3.5000    2.1000    2.4000    2.2000    2.2000    2.4000    2.2000    1.3000
                Avg T            4.2000    3.8000    5.3000    4.4000    5.1000    5.9000    5.8000    5.6000   20.3000    5.4000    8.6000    5.0000    4.1000    7.9000    4.8000    5.3000    6.8000    6.6000    6.3000    6.8000    4.4000

StudentT_df3    FDR              0.0000    0.0333    0.0500    0.0250    0.0500    0.0786    0.0476    0.1016    0.0397    0.0341    0.0582    0.0541    0.0598    0.0903    0.0267    0.0464    0.0091    0.0439    0.0615    0.0634    0.0273
                TPR              0.0000    0.0400    0.0200    0.2200    0.1900    0.3600    0.5000    0.6000    0.6900    0.7500    0.9000    0.8000    0.8000    0.9000    0.9700    0.9400    0.9900    1.0000    0.9800    0.9900    1.0000
                Avg L            1.7000    7.6000    6.1000    5.9000    6.2000    5.9000    6.1000    4.1000    4.1000    4.2000    3.4000    2.7000    3.0000    3.2000    1.9000    2.0000    2.0000    2.0000    1.9000    1.9000    1.2000
                Avg T            4.4000    3.5000    2.4000    3.9000    4.4000    6.3000    8.3000    6.2000    5.9000    6.9000    8.6000    4.7000    6.2000    6.6000    6.2000    4.7000    6.2000    6.5000    7.9000    6.1000    4.9000

StudentT_df5    FDR              0.0000    0.1333    0.0500    0.0533    0.0500    0.0936    0.0400    0.1120    0.0775    0.0327    0.0643    0.0436    0.0202    0.1013    0.0348    0.0803    0.0000    0.0530    0.0448    0.0773    0.0273
                TPR              0.0000    0.0300    0.0300    0.2000    0.1900    0.3700    0.4600    0.6000    0.6700    0.7200    0.8800    0.8100    0.8400    0.9100    0.9600    0.9600    1.0000    1.0000    0.9900    0.9900    1.0000
                Avg L            1.6000    7.1000    6.0000    6.3000    6.1000    6.7000    5.7000    4.0000    4.5000    4.5000    3.0000    2.9000    2.6000    3.0000    2.4000    2.5000    1.8000    1.9000    1.9000    1.9000    1.2000
                Avg T            4.1000    3.3000    5.8000    3.8000    5.1000    5.8000    5.7000    5.8000   21.4000    7.4000    7.7000    5.2000    7.2000    6.3000    9.2000    5.9000    5.6000    5.6000    6.9000    6.8000    4.8000

Laplace         FDR              0.0000    0.1333    0.0500    0.0450    0.0583    0.0786    0.0567    0.0943    0.0535    0.0327    0.0375    0.0571    0.0538    0.0569    0.0348    0.0613    0.0182    0.0439    0.0282    0.0773    0.0182
                TPR              0.0000    0.0200    0.0300    0.2200    0.2100    0.2900    0.4500    0.5700    0.6700    0.7300    0.8900    0.8000    0.8100    0.8700    0.9800    0.9500    1.0000    1.0000    0.9800    0.9900    1.0000
                Avg L            1.5000    7.3000    6.6000    6.9000    6.9000    6.1000    6.1000    4.2000    4.7000    4.0000    2.9000    2.9000    2.8000    2.3000    2.1000    2.2000    1.9000    2.3000    1.9000    2.1000    1.1000
                Avg T            4.9000    3.8000    3.4000   23.3000    5.8000    4.8000    5.7000    5.4000   21.3000    8.1000    7.9000    5.3000    6.4000    4.9000    5.1000    4.9000    6.3000    7.2000    4.9000    6.8000    4.1000

Gumbel          FDR              0.0000    0.0500    0.0500    0.0333    0.0500    0.1075    0.0343    0.0975    0.0378    0.0216    0.0550    0.0468    0.0536    0.0666    0.0267    0.0694    0.0000    0.0439    0.0448    0.0558    0.0273
                TPR              0.0000    0.0300    0.0200    0.1900    0.1800    0.3700    0.4500    0.5700    0.6300    0.7200    0.8700    0.8100    0.8200    0.9200    0.9500    0.9100    1.0000    0.9800    0.9800    0.9800    1.0000
                Avg L            1.7000    7.1000    6.4000    6.7000    6.6000    6.9000    5.3000    4.9000    4.3000    3.6000    3.5000    2.7000    3.2000    3.3000    2.0000    2.5000    1.7000    2.3000    1.8000    1.4000    1.1000
                Avg T            3.9000    2.9000    2.9000    4.3000    4.6000   10.3000    4.8000    6.6000    8.7000    6.3000    6.8000    4.3000    9.0000    6.6000    4.8000    5.1000    5.1000    5.4000    6.6000    4.9000    4.8000

Triangle        FDR              0.0000    0.1333    0.0500    0.0333    0.0450    0.1033    0.0700    0.0925    0.0354    0.0424    0.0561    0.0551    0.0600    0.0760    0.0348    0.0715    0.0182    0.0348    0.0630    0.0649    0.0273
                TPR              0.0000    0.0400    0.0400    0.2100    0.2200    0.3500    0.4800    0.5600    0.6200    0.7100    0.8500    0.8300    0.8200    0.9200    0.9700    0.9500    0.9900    0.9900    0.9800    0.9800    1.0000
                Avg L            1.7000    6.1000    6.3000    6.8000    7.3000    6.1000    6.4000    4.0000    4.3000    4.3000    3.7000    2.9000    2.9000    2.4000    2.5000    2.8000    2.3000    1.9000    1.8000    2.5000    1.2000
                Avg T            4.1000    3.6000    5.7000    3.8000    4.9000    5.7000    7.3000    5.1000    6.3000    6.2000    9.2000   19.6000    6.4000    5.6000   10.7000    5.3000    5.3000    4.9000    6.8000    8.5000    5.7000

Logistic        FDR              0.0000    0.1000    0.0500    0.0250    0.0500    0.0911    0.0560    0.0860    0.0546    0.0452    0.0393    0.0191    0.0311    0.0974    0.0267    0.0789    0.0000    0.0348    0.0348    0.0515    0.0273
                TPR              0.0000    0.0200    0.0300    0.2300    0.2200    0.3300    0.4100    0.5200    0.6400    0.7600    0.8800    0.8000    0.8000    0.8800    0.9300    0.9500    1.0000    0.9900    0.9800    0.9500    1.0000
                Avg L            1.9000    7.6000    6.3000    7.6000    6.4000    6.3000    4.9000    3.9000    4.1000    4.2000    2.8000    2.4000    2.9000    2.5000    2.2000    2.1000    1.8000    2.2000    2.5000    2.0000    1.3000
                Avg T            4.7000    3.6000    6.0000    5.0000    5.4000    6.3000    5.2000    5.6000    5.4000    7.9000    7.4000    4.6000    6.0000    5.5000    9.2000    4.6000    5.9000    6.1000    8.9000    6.8000    5.4000

Mammen          FDR              0.0000    0.1500    0.0500    0.0250    0.0533    0.0742    0.0400    0.1084    0.0546    0.0470    0.0664    0.0561    0.0384    0.0723    0.0439    0.0439    0.0091    0.0439    0.0273    0.0773    0.0364
                TPR              0.0000    0.0200    0.0400    0.2200    0.2200    0.3600    0.4500    0.5800    0.6400    0.7100    0.8800    0.8400    0.8100    0.8700    0.9200    0.9200    0.9900    1.0000    0.9900    0.9900    1.0000
                Avg L            1.7000    6.5000    6.7000    7.2000    6.3000    6.9000    5.8000    5.0000    4.1000    3.9000    3.2000    2.6000    2.6000    2.5000    2.3000    2.3000    1.9000    2.1000    1.9000    2.2000    1.2000
                Avg T            4.5000    3.1000    3.6000    5.0000    5.3000    8.3000    7.4000    8.2000    6.2000    5.5000    7.7000    5.7000    6.4000    5.0000    5.0000    4.5000    4.8000    5.6000    8.3000    7.4000    5.0000

SparseRad_s0.1  FDR              0.0000    0.1500    0.0500    0.0000    0.0583    0.1019    0.0567    0.0912    0.0392    0.0424    0.0461    0.0436    0.0302    0.0775    0.0348    0.0373    0.0091    0.0621    0.0348    0.0606    0.0364
                TPR              0.0000    0.0300    0.0200    0.2300    0.2100    0.2800    0.4800    0.5700    0.6800    0.7100    0.8900    0.8400    0.8200    0.9000    0.9500    0.9500    0.9900    1.0000    0.9900    0.9900    1.0000
                Avg L            1.6000    7.0000    6.0000    6.4000    6.4000    6.0000    6.4000    4.9000    4.0000    4.2000    3.9000    2.8000    2.7000    2.4000    2.6000    2.0000    1.9000    1.9000    2.2000    1.8000    1.2000
                Avg T            3.7000    3.0000    2.6000    4.4000    5.0000    5.6000    8.2000    6.2000   16.3000    6.4000    9.6000    5.0000    5.3000    8.6000    5.7000    4.4000    5.8000    5.7000    8.9000    6.2000    5.2000

UnifSphere_d5   FDR              0.0000    0.0500    0.0500    0.0533    0.0583    0.0917    0.0560    0.1219    0.0292    0.0327    0.0211    0.0523    0.0609    0.0569    0.0358    0.0916    0.0091    0.0348    0.0448    0.0594    0.0364
                TPR              0.0000    0.0400    0.0300    0.2200    0.2000    0.2800    0.4700    0.5600    0.6200    0.7500    0.8600    0.8200    0.8000    0.8800    0.9600    0.9500    0.9900    0.9800    0.9800    0.9900    1.0000
                Avg L            1.5000    6.3000    6.7000    7.7000    6.0000    5.9000    5.3000    4.2000    3.2000    3.9000    3.6000    3.0000    3.2000    2.9000    2.7000    2.4000    1.8000    2.3000    1.9000    1.8000    1.2000
                Avg T            4.3000    8.1000    4.7000    5.4000    4.6000    5.6000    5.5000    5.0000    5.9000    6.4000    8.0000    7.1000    7.0000    8.5000    8.9000    5.0000    5.7000    7.1000    8.2000    6.7000    5.3000

