
======================================================================
=== T-Rex Results (averaged over 200 Monte Carlo runs) ===
======================================================================

  SNR                          0.10      0.20      0.50      0.60      1.00      2.00      5.00
-----------------------------------------------------------------------------------------------

Normal
  FDR                        0.0325    0.0050    0.0164    0.0195    0.0270    0.0323    0.0308
  TPR                        0.0020    0.0135    0.2260    0.3275    0.8935    0.9995    1.0000
  Avg L                      2.7500    4.7450    6.2200    5.7350    2.4050    1.2300    1.1350
  Avg T                      5.4850    5.2400    6.0100    6.3100    6.2950    5.6150    5.4150

Uniform
  FDR                        0.0225    0.0075    0.0130    0.0175    0.0254    0.0280    0.0313
  TPR                        0.0020    0.0165    0.2200    0.3305    0.8915    0.9990    1.0000
  Avg L                      2.8100    4.6650    6.3650    5.7550    2.5900    1.1750    1.1500
  Avg T                      5.4700    5.2300    5.7650    6.2450    6.0850    5.6200    5.5450

Rademacher
  FDR                        0.0100    0.0025    0.0145    0.0185    0.0283    0.0276    0.0297
  TPR                        0.0020    0.0155    0.2265    0.3350    0.8910    0.9985    1.0000
  Avg L                      2.7550    4.8300    6.2350    5.7700    2.5200    1.1700    1.1500
  Avg T                      5.4650    5.1050    5.8700    6.1900    6.1700    5.5450    5.5050

StudentT_df3
  FDR                        0.0175    0.0125    0.0195    0.0260    0.0244    0.0285    0.0280
  TPR                        0.0020    0.0170    0.2265    0.3390    0.8880    0.9995    1.0000
  Avg L                      2.7200    4.6900    6.1650    5.4850    2.6050    1.1900    1.1400
  Avg T                      5.5300    5.2400    5.8900    6.3000    6.4250    5.4500    5.4050

StudentT_df5
  FDR                        0.0275    0.0100    0.0159    0.0161    0.0284    0.0329    0.0291
  TPR                        0.0015    0.0145    0.2205    0.3440    0.8965    0.9985    1.0000
  Avg L                      2.7250    4.7300    6.3500    5.4700    2.4350    1.2050    1.1650
  Avg T                      5.5350    5.0950    5.7950    6.2800    6.2850    5.5250    5.5550

Laplace
  FDR                        0.0150    0.0025    0.0162    0.0200    0.0255    0.0310    0.0306
  TPR                        0.0015    0.0145    0.2195    0.3305    0.8925    0.9980    1.0000
  Avg L                      2.6900    4.8100    6.3800    5.7650    2.5050    1.1900    1.1900
  Avg T                      5.3450    5.4200    6.0450    6.3200    6.3300    5.5250    5.6500

Gumbel
  FDR                        0.0100    0.0017    0.0122    0.0197    0.0216    0.0287    0.0299
  TPR                        0.0005    0.0155    0.2155    0.3355    0.8985    0.9990    1.0000
  Avg L                      2.7150    4.7900    6.6350    5.5050    2.4000    1.1900    1.1650
  Avg T                      5.3850    5.1600    6.0700    6.2750    6.1500    5.5450    5.5400

Triangle
  FDR                        0.0175    0.0025    0.0119    0.0157    0.0260    0.0307    0.0308
  TPR                        0.0025    0.0150    0.2160    0.3380    0.8870    0.9995    1.0000
  Avg L                      2.7350    4.7100    6.4100    5.5450    2.5050    1.2200    1.1450
  Avg T                      5.5600    5.2300    6.0050    6.5200    6.5400    5.6100    5.4000

Logistic
  FDR                        0.0250    0.0142    0.0131    0.0201    0.0270    0.0267    0.0303
  TPR                        0.0010    0.0185    0.2140    0.3385    0.9005    0.9990    1.0000
  Avg L                      2.7550    4.6050    6.4800    5.6700    2.3900    1.1650    1.1800
  Avg T                      5.5000    5.3200    5.9450    6.2950    6.4250    5.5450    5.5650

Mammen
  FDR                        0.0100    0.0000    0.0187    0.0169    0.0258    0.0271    0.0311
  TPR                        0.0000    0.0170    0.2135    0.3340    0.8865    0.9990    1.0000
  Avg L                      2.7500    4.7050    6.4150    5.5050    2.4800    1.1900    1.1050
  Avg T                      5.3700    5.1550    5.7000    6.2250    6.3000    5.4650    5.6450

SparseRad_s0.1
  FDR                        0.0100    0.0117    0.0130    0.0203    0.0253    0.0285    0.0293
  TPR                        0.0025    0.0155    0.2220    0.3315    0.8980    0.9990    1.0000
  Avg L                      2.6900    4.6850    6.3050    5.6150    2.5450    1.1700    1.1500
  Avg T                      5.3250    5.2200    5.9550    6.3350    6.4900    5.6450    5.6450

UnifSphere_d5
  FDR                        0.0100    0.0100    0.0151    0.0164    0.0256    0.0311    0.0318
  TPR                        0.0005    0.0165    0.2250    0.3380    0.8875    0.9995    1.0000
  Avg L                      2.7250    4.7200    6.3350    5.8500    2.4900    1.1600    1.1950
  Avg T                      5.4350    5.2850    5.9500    6.3100    6.0950    5.5350    5.6350

