
==============================================================================
  DA-TRex MC: da_ht_M_s1_Gauss_Average  (MC=200)
  HT-block M sweep  n=150  Q=5  rho=0.800000  SNR=2.000000  nu=3.000000  p=M*Q and s=M vary  noise=s1_Gauss  linkage=Average
==============================================================================

Solver          Metric      M         1         3         5        10        15        20        30
---------------------------------------------------------------------------------------------------
TREX-DA: TLARS  FDR              0.0725    0.1621    0.2477    0.2344    0.2431    0.2556    0.2216
                sd_FDR           0.2425    0.2737    0.2223    0.1720    0.1799    0.2402    0.2652
                TPR              0.2050    0.5517    0.6210    0.5720    0.3963    0.2017    0.0720
                sd_TPR           0.4047    0.3990    0.2547    0.2091    0.1875    0.1451    0.0785
                Avg L            1.6950    2.0650    1.6100    1.7250    2.2250    2.4950    2.8000
                Avg T            6.8500   22.2200   24.4150   20.3150   13.6350    9.6050    7.3250

TREX-DA: TAFS   FDR              0.0400    0.2032    0.1347    0.1639    0.1996    0.2443    0.2158
                sd_FDR           0.1965    0.3005    0.1561    0.1317    0.1331    0.2075    0.2679
                TPR              0.0000    0.3167    0.7740    0.7915    0.5217    0.2263    0.0668
                sd_TPR           0.0000    0.3021    0.1937    0.1668    0.2032    0.1480    0.0741
                Avg L            1.0650    1.6850    1.7750    1.4750    1.9850    2.3700    3.0100
                Avg T            5.1400    7.5150    7.6250    6.6650    6.5750    6.2050    5.5100

TREX-DA: TOMP   FDR              0.0025    0.0150    0.0570    0.1488    0.2084    0.2300    0.2069
                sd_FDR           0.0354    0.0783    0.1054    0.1295    0.1571    0.2268    0.2963
                TPR              0.2650    0.8000    0.9340    0.8050    0.4957    0.1775    0.0453
                sd_TPR           0.4424    0.3911    0.1136    0.1665    0.1933    0.1325    0.0540
                Avg L            1.7850    2.3450    1.8700    1.3850    1.9600    2.5000    3.0600
                Avg T            5.6200    7.8450    7.9050    6.6150    7.0400    6.5100    6.7350

==============================================================================

