
==============================================================================
  DA-TRex MC: da_ht_Q_s1_Gauss_Single  (MC=200)
  HT-block Q sweep  n=150  M=5  s=5  rho=0.800000  SNR=2.000000  nu=3.000000  p=M*Q varies  noise=s1_Gauss  linkage=Single
==============================================================================

Solver          Metric      Q         5        10        15        20        25        30        35        40        45        50
---------------------------------------------------------------------------------------------------------------------------------
TREX-DA: TLARS  FDR              0.1819    0.2411    0.2222    0.2583    0.2567    0.2363    0.2336    0.2290    0.2437    0.2645
                sd_FDR           0.2372    0.2698    0.2822    0.2675    0.2625    0.2286    0.2470    0.2290    0.2630    0.2510
                TPR              0.6290    0.6070    0.5480    0.5280    0.5340    0.5290    0.5480    0.5840    0.5120    0.5530
                sd_TPR           0.2610    0.2859    0.3228    0.3270    0.2872    0.2863    0.3191    0.2997    0.3305    0.2947
                Avg L            1.6200    1.7500    1.7100    1.7700    1.8700    1.7650    1.7950    1.9200    1.8400    1.9050
                Avg T           28.9850   39.6450   40.2050   39.5150   32.6900   31.3450   29.2950   31.2450   31.8550   31.7400

TREX-DA: TAFS   FDR              0.1107    0.1070    0.1069    0.1210    0.1213    0.1192    0.1106    0.1098    0.1084    0.1330
                sd_FDR           0.1657    0.1382    0.1435    0.1525    0.1649    0.1549    0.1524    0.1538    0.1504    0.1633
                TPR              0.7610    0.7520    0.7160    0.7060    0.7040    0.7240    0.7230    0.7270    0.7130    0.7450
                sd_TPR           0.2157    0.2271    0.2901    0.3182    0.3040    0.3103    0.3175    0.3209    0.3038    0.2891
                Avg L            1.7700    1.7800    1.7550    1.7750    1.8350    1.8400    1.8100    1.7850    1.7950    1.8900
                Avg T            7.8000    7.5450    7.6400    7.5800    7.4200    7.5650    7.2800    7.4150    7.5350    7.4950

TREX-DA: TOMP   FDR              0.0553    0.0615    0.0579    0.0636    0.0720    0.0653    0.0610    0.0646    0.0601    0.0711
                sd_FDR           0.1101    0.1162    0.1053    0.1125    0.1279    0.1170    0.1094    0.1104    0.1120    0.1172
                TPR              0.9410    0.8970    0.9000    0.8990    0.8500    0.8920    0.8580    0.8680    0.8390    0.8680
                sd_TPR           0.1216    0.2169    0.1923    0.2005    0.2620    0.2092    0.2739    0.2602    0.2903    0.2476
                Avg L            1.9250    1.8400    1.8150    1.8850    1.8450    1.8550    1.8600    1.8200    1.8500    1.8400
                Avg T            7.9550    7.9200    7.9550    7.8050    7.9400    7.8650    7.8600    7.7900    7.8550    7.8600

==============================================================================

