
==============================================================================
  DA-TRex MC: da_ht_rho_s2_Heavy_Complete  (MC=200)
  HT-block rho sweep  n=150  M=5  Q=5  s=5  SNR=2.000000  nu=3.000000  noise=s2_Heavy  linkage=Complete
==============================================================================

Solver          Metric    Rho         0      0.10      0.20      0.30      0.40      0.50      0.60      0.70      0.80      0.90
---------------------------------------------------------------------------------------------------------------------------------
TREX-DA: TLARS  FDR              0.1156    0.1271    0.1070    0.1255    0.1451    0.1366    0.1778    0.2030    0.1893    0.3203
                sd_FDR           0.1553    0.1753    0.1587    0.1803    0.1906    0.1734    0.1916    0.2149    0.2133    0.2397
                TPR              0.7820    0.7730    0.7690    0.8010    0.7560    0.7640    0.7120    0.7220    0.6950    0.5910
                sd_TPR           0.2433    0.2469    0.2339    0.2484    0.2522    0.2421    0.2411    0.2462    0.2520    0.2523
                Avg L            1.9100    1.9350    1.8600    1.8850    1.8300    1.8700    1.8350    1.7450    1.6700    1.4650
                Avg T           29.8200   29.3100   25.0300   27.6250   23.4300   22.3150   25.5650   27.1050   24.4350   23.0100

TREX-DA: TAFS   FDR              0.0727    0.0688    0.0658    0.0808    0.1004    0.1051    0.1064    0.0982    0.1319    0.2038
                sd_FDR           0.1178    0.1100    0.1108    0.1364    0.1494    0.1465    0.1392    0.1364    0.1489    0.1809
                TPR              0.8140    0.8160    0.8250    0.8370    0.8120    0.7920    0.8070    0.7980    0.7870    0.7160
                sd_TPR           0.2394    0.2236    0.2024    0.2094    0.2256    0.2363    0.2106    0.1804    0.1965    0.2154
                Avg L            1.8600    1.9100    1.8850    1.9100    1.8200    1.8150    1.7850    1.7350    1.7650    1.6400
                Avg T            7.2150    7.2300    7.3000    7.4050    6.9150    6.8500    7.0550    7.4650    7.4250    7.4850

TREX-DA: TOMP   FDR              0.0484    0.0494    0.0432    0.0451    0.0491    0.0619    0.0497    0.0405    0.0380    0.1240
                sd_FDR           0.0942    0.0986    0.0890    0.0903    0.0922    0.1080    0.0924    0.0837    0.0906    0.1604
                TPR              0.8780    0.8540    0.8890    0.9070    0.9000    0.9110    0.9450    0.9550    0.9630    0.8690
                sd_TPR           0.1973    0.2129    0.1779    0.1700    0.1782    0.1856    0.1314    0.1031    0.0898    0.1789
                Avg L            1.9200    1.9050    1.9500    1.8950    1.9100    1.8400    1.9250    1.8850    1.9250    1.8900
                Avg T            7.4650    7.4750    7.5000    7.5900    7.5300    7.5350    7.7300    7.7750    7.8450    7.9250

==============================================================================

