
==============================================================================
  DA-TRex MC: da_ht_tFDR_s2_Heavy_Complete  (MC=200)
  HT-block tFDR sweep  n=150  M=5  Q=5  p=25  s=5  rho=0.800000  SNR=2.000000  nu=3.000000  noise=s2_Heavy  linkage=Complete
==============================================================================

Solver          Metric   tFDR      0.05      0.10      0.15      0.20      0.25      0.30      0.35      0.40      0.45      0.50
---------------------------------------------------------------------------------------------------------------------------------
TREX-DA: TLARS  FDR              0.1217    0.1424    0.1681    0.2060    0.2297    0.2919    0.3244    0.3323    0.3189    0.3715
                sd_FDR           0.1818    0.1823    0.1982    0.2310    0.2291    0.2249    0.2125    0.2066    0.1717    0.1428
                TPR              0.5930    0.5780    0.6570    0.6830    0.7090    0.6940    0.7390    0.8300    0.9170    0.9360
                sd_TPR           0.3242    0.3039    0.2781    0.2570    0.2582    0.2726    0.2780    0.2558    0.1873    0.1687
                Avg L            5.0150    2.6800    2.0900    1.6500    1.2750    1.0700    1.0200    1.0100    1.0050    1.0000
                Avg T           25.2550   22.5950   26.6250   22.8500   18.4350   16.6050   14.7350   17.1300   15.7500   18.1850

TREX-DA: TAFS   FDR              0.0701    0.0761    0.1085    0.1165    0.1643    0.2123    0.2252    0.2221    0.2325    0.2613
                sd_FDR           0.1267    0.1254    0.1511    0.1502    0.1630    0.1605    0.1534    0.1302    0.1139    0.1211
                TPR              0.6530    0.6450    0.6810    0.7750    0.7770    0.7790    0.8510    0.9450    0.9680    0.9710
                sd_TPR           0.2803    0.2874    0.2728    0.2024    0.1872    0.2245    0.1964    0.1329    0.0950    0.1105
                Avg L            5.1050    2.7250    2.0100    1.7100    1.2350    1.0700    1.0200    1.0000    1.0050    1.0100
                Avg T            7.6650    7.7400    7.4750    7.6700    7.2400    7.1150    7.1150    7.6250    7.4400    7.5900

TREX-DA: TOMP   FDR              0.0459    0.0335    0.0507    0.0443    0.0467    0.1025    0.1190    0.1256    0.1269    0.1384
                sd_FDR           0.1230    0.0835    0.1047    0.0937    0.0898    0.1231    0.1345    0.1261    0.1259    0.1194
                TPR              0.8270    0.8590    0.8840    0.9570    0.9590    0.9220    0.9400    0.9630    0.9680    0.9700
                sd_TPR           0.3231    0.2883    0.2563    0.0959    0.0903    0.1443    0.1284    0.0829    0.0884    0.0997
                Avg L            5.1800    2.8650    2.0050    1.9050    1.3850    1.0450    1.0100    1.0100    1.0050    1.0000
                Avg T            7.7550    7.8450    7.7750    7.8550    7.5050    7.6550    7.7150    7.8000    7.6850    7.9800

==============================================================================

