
==============================================================================
  DA-TRex MC: da_ht_M_s2_Heavy_Single  (MC=200)
  HT-block M sweep  n=150  Q=5  rho=0.800000  SNR=2.000000  nu=3.000000  p=M*Q and s=M vary  noise=s2_Heavy  linkage=Single
==============================================================================

Solver          Metric      M         1         3         5        10        15        20        30
---------------------------------------------------------------------------------------------------
TREX-DA: TLARS  FDR              0.0600    0.1225    0.1964    0.1667    0.1769    0.2148    0.2227
                sd_FDR           0.2273    0.2355    0.2456    0.1837    0.1924    0.2224    0.2685
                TPR              0.1800    0.5117    0.6310    0.5630    0.3967    0.2148    0.0788
                sd_TPR           0.3852    0.3994    0.2764    0.2108    0.1988    0.1638    0.0859
                Avg L            1.6300    2.0500    1.7750    1.6800    2.2200    2.4550    2.8950
                Avg T            6.4900   21.3900   31.9400   24.7800   14.1700    9.8500    7.8050

TREX-DA: TAFS   FDR              0.0500    0.1508    0.1219    0.1399    0.1944    0.2498    0.2182
                sd_FDR           0.2185    0.2687    0.1744    0.1134    0.1452    0.2090    0.2824
                TPR              0.0000    0.2700    0.7520    0.7965    0.5583    0.2687    0.0677
                sd_TPR           0.0000    0.2804    0.2226    0.1844    0.2314    0.1823    0.0723
                Avg L            1.1100    1.6350    1.8500    1.4550    1.9300    2.3750    2.6750
                Avg T            5.1850    7.6800    7.6050    6.8800    6.3350    6.3250    5.4400

TREX-DA: TOMP   FDR              0.0000    0.0225    0.0528    0.1274    0.1732    0.2232    0.2010
                sd_FDR           0.0000    0.0903    0.0978    0.1214    0.1534    0.2085    0.2880
                TPR              0.2700    0.7650    0.9400    0.8000    0.5303    0.2430    0.0498
                sd_TPR           0.4451    0.4076    0.1186    0.2081    0.2555    0.1660    0.0549
                Avg L            1.8100    2.3450    1.9150    1.3800    1.9600    2.6100    2.8300
                Avg T            5.5250    7.8900    7.8450    6.8250    6.9600    6.8800    6.1800

==============================================================================

