
==============================================================================
  DA-TRex MC: da_ht_M_s1_Gauss_Single  (MC=200)
  HT-block M sweep  n=150  Q=5  rho=0.800000  SNR=2.000000  nu=3.000000  p=M*Q and s=M vary  noise=s1_Gauss  linkage=Single
==============================================================================

Solver          Metric      M         1         3         5        10        15        20        30
---------------------------------------------------------------------------------------------------
TREX-DA: TLARS  FDR              0.0725    0.1517    0.1924    0.1688    0.1867    0.2365    0.1667
                sd_FDR           0.2476    0.2705    0.2392    0.1787    0.1706    0.2448    0.2431
                TPR              0.1950    0.4433    0.6080    0.5395    0.3683    0.1735    0.0640
                sd_TPR           0.3972    0.4081    0.2827    0.2205    0.1816    0.1411    0.0763
                Avg L            1.7050    1.9250    1.6550    1.8150    2.3550    2.3050    2.7100
                Avg T            7.0650   21.9350   29.1850   23.8600   14.6750    9.3350    6.4850

TREX-DA: TAFS   FDR              0.0600    0.1686    0.1114    0.1507    0.2071    0.2522    0.2096
                sd_FDR           0.2381    0.2863    0.1656    0.1363    0.1481    0.2372    0.2820
                TPR              0.0000    0.2650    0.7460    0.7795    0.5077    0.2015    0.0582
                sd_TPR           0.0000    0.2994    0.2212    0.1900    0.1858    0.1411    0.0736
                Avg L            1.0700    1.6300    1.7700    1.5400    2.2150    2.6550    3.0100
                Avg T            5.0950    7.6350    7.7000    6.7650    6.6850    6.0600    5.0700

TREX-DA: TOMP   FDR              0.0000    0.0187    0.0567    0.1449    0.2094    0.2468    0.1967
                sd_FDR           0.0000    0.0870    0.1230    0.1272    0.1441    0.2389    0.2965
                TPR              0.2650    0.7533    0.9240    0.8145    0.4837    0.1682    0.0460
                sd_TPR           0.4424    0.4150    0.1636    0.1564    0.1870    0.1103    0.0538
                Avg L            1.8250    2.3350    1.9000    1.3900    2.0350    2.6400    3.0300
                Avg T            5.5650    7.9150    7.9500    6.9450    6.6800    6.5050    6.4450

==============================================================================

