
==============================================================================
  DA-TRex MC: da_ht_tFDR_s1_Gauss_Average  (MC=200)
  HT-block tFDR sweep  n=150  M=5  Q=5  p=25  s=5  rho=0.800000  SNR=2.000000  nu=3.000000  noise=s1_Gauss  linkage=Average
==============================================================================

Solver          Metric   tFDR      0.05      0.10      0.15      0.20      0.25      0.30      0.35      0.40      0.45      0.50
---------------------------------------------------------------------------------------------------------------------------------
TREX-DA: TLARS  FDR              0.1234    0.1370    0.1918    0.2125    0.2423    0.2832    0.3078    0.3354    0.3263    0.3535
                sd_FDR           0.1925    0.1968    0.2163    0.2034    0.2228    0.2233    0.2263    0.2392    0.1678    0.1373
                TPR              0.5560    0.5670    0.5760    0.6920    0.6790    0.6970    0.7460    0.7860    0.9060    0.9440
                sd_TPR           0.3228    0.3281    0.3018    0.2388    0.2527    0.2606    0.2833    0.3018    0.2131    0.1377
                Avg L            4.6350    2.6250    2.0150    1.6450    1.2450    1.0750    1.0500    1.0100    1.0050    1.0000
                Avg T           27.1700   21.6000   25.5600   24.2100   17.1650   16.8600   15.5600   16.7100   15.6350   17.2550

TREX-DA: TAFS   FDR              0.0646    0.0644    0.1105    0.1265    0.1537    0.1870    0.1881    0.2278    0.2319    0.2530
                sd_FDR           0.1260    0.1340    0.1507    0.1419    0.1640    0.1614    0.1470    0.1352    0.1146    0.1173
                TPR              0.6680    0.6420    0.6690    0.8070    0.7620    0.8110    0.8830    0.9230    0.9690    0.9670
                sd_TPR           0.2860    0.2978    0.2775    0.1718    0.1927    0.1977    0.1819    0.1549    0.0853    0.1018
                Avg L            5.0750    2.7650    1.9600    1.8150    1.2750    1.0650    1.0350    1.0100    1.0000    1.0000
                Avg T            7.7600    7.7450    7.6000    7.5550    7.4900    7.2050    7.2900    7.5000    7.5350    7.8900

TREX-DA: TOMP   FDR              0.0442    0.0409    0.0547    0.0588    0.0634    0.0949    0.0989    0.1233    0.1292    0.1635
                sd_FDR           0.0980    0.0939    0.1123    0.1018    0.1171    0.1346    0.1290    0.1208    0.1164    0.1495
                TPR              0.8710    0.8690    0.8580    0.9430    0.9480    0.9330    0.9360    0.9590    0.9670    0.9540
                sd_TPR           0.2621    0.2783    0.2804    0.1030    0.1121    0.1272    0.1280    0.1028    0.0821    0.1074
                Avg L            5.2050    2.8650    1.9350    1.8750    1.4200    1.0300    1.0350    1.0100    1.0000    1.0000
                Avg T            7.8900    7.9150    7.7250    7.8100    7.6350    7.5900    7.6800    7.7100    7.8400    8.0850

==============================================================================

