
==============================================================================
  DA-TRex MC: da_ht_Q_s2_Heavy_Complete  (MC=200)
  HT-block Q sweep  n=150  M=5  s=5  rho=0.800000  SNR=2.000000  nu=3.000000  p=M*Q varies  noise=s2_Heavy  linkage=Complete
==============================================================================

Solver          Metric      Q         5        10        15        20        25        30        35        40        45        50
---------------------------------------------------------------------------------------------------------------------------------
TREX-DA: TLARS  FDR              0.2246    0.2740    0.2467    0.2444    0.2477    0.2745    0.2717    0.2664    0.2428    0.2893
                sd_FDR           0.2252    0.2252    0.2472    0.2205    0.2199    0.2271    0.2123    0.2266    0.2177    0.2324
                TPR              0.6730    0.6630    0.6410    0.6890    0.6410    0.6860    0.6660    0.6470    0.6750    0.6610
                sd_TPR           0.2585    0.2469    0.2816    0.2643    0.2859    0.2548    0.2630    0.2749    0.2846    0.2585
                Avg L            1.6550    1.8050    1.8150    1.9000    1.8200    1.8600    1.9250    1.9150    1.8250    1.9250
                Avg T           24.7950   28.0100   28.1400   26.7450   30.5900   27.5800   26.0750   26.1300   22.0750   23.8400

TREX-DA: TAFS   FDR              0.1492    0.1259    0.1633    0.1255    0.1333    0.1257    0.1454    0.1470    0.1248    0.1440
                sd_FDR           0.1605    0.1394    0.1855    0.1423    0.1593    0.1458    0.1592    0.1639    0.1557    0.1783
                TPR              0.7630    0.8060    0.7730    0.8060    0.7680    0.8240    0.8120    0.7750    0.8070    0.8090
                sd_TPR           0.1986    0.1933    0.2344    0.2504    0.2789    0.2411    0.2403    0.2835    0.2831    0.2450
                Avg L            1.7650    1.8350    1.8250    1.9200    1.8550    1.8800    1.9450    1.8800    1.8900    1.9250
                Avg T            7.3850    7.2550    7.4400    7.4400    7.6000    7.4200    7.3050    6.9950    7.1500    7.2400

TREX-DA: TOMP   FDR              0.0628    0.0573    0.0779    0.0551    0.0715    0.0685    0.0804    0.0811    0.0618    0.0773
                sd_FDR           0.1208    0.1018    0.1191    0.1016    0.1355    0.1190    0.1240    0.1328    0.1063    0.1288
                TPR              0.9340    0.9450    0.9290    0.9390    0.9320    0.9600    0.9180    0.9210    0.9340    0.9260
                sd_TPR           0.1515    0.1251    0.1539    0.1619    0.1546    0.1003    0.1727    0.1792    0.1861    0.1645
                Avg L            1.9250    1.9100    1.9300    1.9150    1.8900    1.9150    1.9500    1.9350    1.8700    1.9600
                Avg T            7.8450    7.8600    7.6700    7.7400    7.9350    7.8700    7.8350    7.6650    7.7800    7.8050

==============================================================================

