
==============================================================================
  DA-TRex MC: da_ht_snr_s2_Heavy_Complete  (MC=200)
  HT-block SNR sweep  n=150  M=5  Q=5  p=25  s=5  rho=0.800000  nu=3.000000  noise=s2_Heavy  linkage=Complete
==============================================================================

Solver          Metric    SNR      0.10      0.20      0.50      0.60         1         2         5
---------------------------------------------------------------------------------------------------
TREX-DA: TLARS  FDR              0.0895    0.1293    0.2102    0.2246    0.2223    0.2324    0.2669
                sd_FDR           0.2616    0.2555    0.2504    0.2455    0.2259    0.2009    0.2340
                TPR              0.0470    0.1560    0.4560    0.5330    0.6650    0.6630    0.6380
                sd_TPR           0.1299    0.2243    0.3048    0.3088    0.2763    0.2469    0.2507
                Avg L            2.0750    2.5150    2.3750    2.3050    1.8250    1.6500    1.6000
                Avg T           14.1500   14.0900   23.5550   26.1800   25.9350   24.8050   23.8200

TREX-DA: TAFS   FDR              0.0500    0.1584    0.1735    0.1404    0.1461    0.1516    0.1964
                sd_FDR           0.1956    0.2930    0.2243    0.1758    0.1631    0.1577    0.1855
                TPR              0.0330    0.1480    0.5490    0.6450    0.7830    0.7370    0.6630
                sd_TPR           0.0936    0.2162    0.3349    0.2922    0.2470    0.2274    0.1898
                Avg L            1.9300    2.6100    2.3550    2.2900    1.8600    1.6950    1.4950
                Avg T            5.5250    5.3650    6.1050    6.9050    7.3100    7.3750    7.2850

TREX-DA: TOMP   FDR              0.0942    0.1824    0.1644    0.1456    0.0841    0.0702    0.0418
                sd_FDR           0.2713    0.3209    0.2097    0.1891    0.1406    0.1064    0.0862
                TPR              0.0320    0.1430    0.5810    0.7000    0.8740    0.9240    0.9720
                sd_TPR           0.0928    0.1937    0.3129    0.2864    0.2144    0.1521    0.0751
                Avg L            2.1950    2.9400    2.4950    2.3400    2.0050    1.9150    1.9200
                Avg T            6.5000    6.4300    6.8350    6.8600    7.5850    7.6600    7.8500

==============================================================================

