
==============================================================================
  DA-TRex MC: da_ht_rho_s1_Gauss_Average  (MC=200)
  HT-block rho sweep  n=150  M=5  Q=5  s=5  SNR=2.000000  nu=3.000000  noise=s1_Gauss  linkage=Average
==============================================================================

Solver          Metric    Rho         0      0.10      0.20      0.30      0.40      0.50      0.60      0.70      0.80      0.90
---------------------------------------------------------------------------------------------------------------------------------
TREX-DA: TLARS  FDR              0.1285    0.1063    0.0958    0.1240    0.1094    0.1222    0.1284    0.1751    0.2507    0.3302
                sd_FDR           0.1661    0.1629    0.1559    0.1966    0.1675    0.1965    0.1739    0.2117    0.2370    0.2516
                TPR              0.7270    0.7680    0.7590    0.7500    0.7890    0.7970    0.7850    0.7100    0.6480    0.5520
                sd_TPR           0.2631    0.2246    0.2523    0.2643    0.2349    0.2410    0.2406    0.2581    0.2669    0.2608
                Avg L            1.9050    1.9350    1.8600    1.8550    1.8200    1.8100    1.8500    1.7850    1.6950    1.4200
                Avg T           29.7850   28.6350   25.0000   25.1500   26.0850   24.4300   22.0750   25.0450   23.8200   24.2400

TREX-DA: TAFS   FDR              0.0771    0.0588    0.0666    0.0652    0.0800    0.0871    0.0853    0.0881    0.1307    0.2233
                sd_FDR           0.1391    0.1079    0.1142    0.1130    0.1263    0.1384    0.1233    0.1396    0.1496    0.1890
                TPR              0.7790    0.7980    0.7810    0.8210    0.8170    0.8310    0.8490    0.8110    0.7830    0.7110
                sd_TPR           0.2586    0.2131    0.2477    0.2254    0.2336    0.1976    0.1854    0.2143    0.1942    0.2042
                Avg L            1.8850    1.9200    1.8200    1.9100    1.8000    1.7750    1.8300    1.7600    1.7250    1.6850
                Avg T            7.2800    7.3600    7.1800    7.2700    7.2850    7.1250    6.9000    7.3200    7.4450    7.4450

TREX-DA: TOMP   FDR              0.0518    0.0454    0.0445    0.0420    0.0417    0.0504    0.0433    0.0389    0.0428    0.1461
                sd_FDR           0.1004    0.0909    0.0976    0.0880    0.0892    0.1032    0.0868    0.0795    0.0854    0.1694
                TPR              0.8280    0.8430    0.8590    0.8760    0.9070    0.9270    0.9500    0.9610    0.9550    0.8560
                sd_TPR           0.2339    0.1953    0.2043    0.1939    0.1700    0.1594    0.1182    0.0934    0.0971    0.1715
                Avg L            1.9300    1.9200    1.8900    1.9050    1.8450    1.8150    1.9250    1.9000    1.9100    1.9300
                Avg T            7.4750    7.5700    7.5250    7.7100    7.4950    7.4650    7.5950    7.6500    7.9450    7.9200

==============================================================================

