
==============================================================================
  DA-TRex MC: da_ht_Q_s1_Gauss_Average  (MC=200)
  HT-block Q sweep  n=150  M=5  s=5  rho=0.800000  SNR=2.000000  nu=3.000000  p=M*Q varies  noise=s1_Gauss  linkage=Average
==============================================================================

Solver          Metric      Q         5        10        15        20        25        30        35        40        45        50
---------------------------------------------------------------------------------------------------------------------------------
TREX-DA: TLARS  FDR              0.2518    0.2426    0.2733    0.2645    0.2854    0.2690    0.2559    0.2573    0.2294    0.2648
                sd_FDR           0.2318    0.2069    0.2536    0.2339    0.2266    0.2297    0.2101    0.2265    0.2165    0.2143
                TPR              0.6230    0.6750    0.6130    0.6570    0.6160    0.6500    0.6730    0.6610    0.6420    0.6790
                sd_TPR           0.2553    0.2435    0.3054    0.2555    0.2625    0.2558    0.2758    0.2669    0.2875    0.2430
                Avg L            1.6300    1.7700    1.7500    1.8150    1.8400    1.8400    1.8600    1.9050    1.8800    1.9600
                Avg T           26.1950   30.1850   30.0250   29.0900   27.5150   27.9600   22.6650   27.7450   23.2800   24.2750

TREX-DA: TAFS   FDR              0.1493    0.1229    0.1300    0.1352    0.1239    0.1326    0.1117    0.1356    0.1074    0.1324
                sd_FDR           0.1699    0.1472    0.1555    0.1402    0.1464    0.1438    0.1418    0.1608    0.1426    0.1447
                TPR              0.7770    0.8040    0.8030    0.7810    0.8190    0.8430    0.8280    0.8140    0.7950    0.8380
                sd_TPR           0.2056    0.2044    0.2393    0.2717    0.2477    0.2024    0.2373    0.2564    0.2781    0.2068
                Avg L            1.7800    1.8100    1.8350    1.8950    1.8650    1.8900    1.8750    1.8350    1.8700    1.9700
                Avg T            7.6750    7.5350    7.5500    7.6700    7.4000    7.4650    7.2850    7.4350    7.3650    7.3300

TREX-DA: TOMP   FDR              0.0620    0.0557    0.0617    0.0603    0.0743    0.0684    0.0600    0.0624    0.0653    0.0627
                sd_FDR           0.1075    0.1057    0.1128    0.1016    0.1226    0.1161    0.1111    0.1132    0.1113    0.1079
                TPR              0.9370    0.9280    0.9270    0.9520    0.9360    0.9390    0.9510    0.9500    0.9190    0.9350
                sd_TPR           0.1144    0.1737    0.1420    0.0924    0.1264    0.1206    0.1089    0.1112    0.1817    0.1388
                Avg L            1.9300    1.8650    1.9200    1.9100    1.8550    1.9450    1.9150    1.8450    1.9250    1.9450
                Avg T            7.8900    7.8450    7.9500    7.8750    7.8400    7.7700    7.7600    7.7950    7.9150    7.8800

==============================================================================

