
==============================================================================
  DA-TRex MC: da_ht_Q_s2_Heavy_Average  (MC=200)
  HT-block Q sweep  n=150  M=5  s=5  rho=0.800000  SNR=2.000000  nu=3.000000  p=M*Q varies  noise=s2_Heavy  linkage=Average
==============================================================================

Solver          Metric      Q         5        10        15        20        25        30        35        40        45        50
---------------------------------------------------------------------------------------------------------------------------------
TREX-DA: TLARS  FDR              0.2313    0.2695    0.2702    0.2481    0.2505    0.2511    0.2681    0.2695    0.2641    0.2826
                sd_FDR           0.2235    0.2360    0.2397    0.2348    0.2305    0.1978    0.2277    0.2318    0.2252    0.2368
                TPR              0.6590    0.6450    0.6200    0.6470    0.6170    0.6990    0.6560    0.6520    0.6470    0.6230
                sd_TPR           0.2620    0.2618    0.2800    0.2749    0.2711    0.2355    0.2569    0.2858    0.2898    0.2808
                Avg L            1.7000    1.8300    1.7900    1.8800    1.7800    1.9000    1.9500    1.9450    1.8950    1.8250
                Avg T           25.6500   31.4600   30.6750   29.3950   29.4900   27.4050   24.0000   25.7950   26.4450   25.2300

TREX-DA: TAFS   FDR              0.1297    0.1314    0.1604    0.1271    0.1232    0.1084    0.1514    0.1582    0.1281    0.1386
                sd_FDR           0.1546    0.1491    0.1739    0.1577    0.1528    0.1287    0.1623    0.1811    0.1482    0.1826
                TPR              0.7740    0.7800    0.7560    0.7910    0.7740    0.8230    0.7910    0.7900    0.7820    0.7750
                sd_TPR           0.2018    0.2131    0.2514    0.2632    0.2715    0.2514    0.2586    0.2550    0.3042    0.2877
                Avg L            1.7950    1.8300    1.8400    1.9250    1.8100    1.8400    1.9450    1.8600    1.8650    1.9000
                Avg T            7.4700    7.2250    7.5200    7.5450    7.5900    7.3550    7.5100    6.9600    7.2600    7.1700

TREX-DA: TOMP   FDR              0.0556    0.0548    0.0836    0.0554    0.0750    0.0664    0.0838    0.0849    0.0641    0.0808
                sd_FDR           0.1080    0.0976    0.1235    0.1024    0.1406    0.1151    0.1374    0.1349    0.1104    0.1337
                TPR              0.9440    0.9410    0.9210    0.9300    0.9180    0.9570    0.9170    0.9190    0.9270    0.9160
                sd_TPR           0.1206    0.1471    0.1652    0.1835    0.1840    0.0980    0.1582    0.1839    0.1893    0.1764
                Avg L            1.9550    1.9100    1.9250    1.9400    1.8800    1.9550    1.9700    1.9150    1.9000    1.9750
                Avg T            7.8550    7.7150    7.7400    7.6550    7.7300    7.7750    7.8000    7.6500    7.8350    7.7750

==============================================================================

