
==============================================================================
  DA-TRex MC: da_ht_tFDR_s2_Heavy_Average  (MC=200)
  HT-block tFDR sweep  n=150  M=5  Q=5  p=25  s=5  rho=0.800000  SNR=2.000000  nu=3.000000  noise=s2_Heavy  linkage=Average
==============================================================================

Solver          Metric   tFDR      0.05      0.10      0.15      0.20      0.25      0.30      0.35      0.40      0.45      0.50
---------------------------------------------------------------------------------------------------------------------------------
TREX-DA: TLARS  FDR              0.1293    0.1534    0.1784    0.2332    0.2403    0.3064    0.3167    0.3098    0.3187    0.3458
                sd_FDR           0.1921    0.1976    0.2173    0.2443    0.2252    0.2329    0.2232    0.1978    0.1911    0.1453
                TPR              0.5840    0.5670    0.6180    0.6650    0.6860    0.6740    0.7150    0.8410    0.8840    0.9440
                sd_TPR           0.3248    0.3039    0.2989    0.2697    0.2524    0.2809    0.2881    0.2515    0.2263    0.1529
                Avg L            4.9000    2.7600    2.0400    1.6600    1.2850    1.0900    1.0200    1.0200    1.0100    1.0000
                Avg T           25.3350   25.1300   25.7700   24.9850   19.2200   16.5400   15.5950   17.3950   15.7300   18.1600

TREX-DA: TAFS   FDR              0.0658    0.0776    0.0939    0.1081    0.1490    0.1986    0.2206    0.1976    0.2172    0.2554
                sd_FDR           0.1256    0.1336    0.1419    0.1444    0.1686    0.1647    0.1545    0.1268    0.1140    0.1120
                TPR              0.6520    0.6300    0.6660    0.7830    0.7620    0.7800    0.8510    0.9490    0.9720    0.9740
                sd_TPR           0.2830    0.2848    0.2836    0.1972    0.1948    0.2178    0.2055    0.1345    0.0898    0.1028
                Avg L            5.1000    2.7050    1.9900    1.7350    1.2350    1.0700    1.0200    1.0050    1.0000    1.0050
                Avg T            7.6850    7.5750    7.4400    7.5000    7.3050    7.1900    7.2300    7.5250    7.4200    7.7800

TREX-DA: TOMP   FDR              0.0433    0.0361    0.0479    0.0451    0.0563    0.1013    0.1171    0.1086    0.1253    0.1364
                sd_FDR           0.1080    0.0866    0.0961    0.0972    0.1109    0.1285    0.1382    0.1241    0.1279    0.1251
                TPR              0.8420    0.8630    0.8790    0.9510    0.9490    0.9260    0.9350    0.9550    0.9610    0.9680
                sd_TPR           0.3077    0.2825    0.2652    0.1070    0.1134    0.1394    0.1329    0.0950    0.0976    0.1069
                Avg L            5.2700    2.8850    2.0050    1.8850    1.4400    1.0450    1.0100    1.0050    1.0000    1.0050
                Avg T            7.7300    7.8250    7.7700    7.8850    7.5300    7.5450    7.6450    7.8200    7.7550    7.9950

==============================================================================

