
==============================================================================
  T-Rex+GVS MC 2D Grid: Mixed-Blocks  (MC=200, tFDR=0.1, n=200, p=500)
==============================================================================

  mean_TPP [EN]
  ------------------------------------------------------------
              rho=0.30rho=0.50rho=0.70rho=0.90rho=0.95rho=0.99
  snr=0.20      0.3377  0.5925  0.7171  0.7782  0.7830  0.7862
  snr=0.50      0.6946  0.8268  0.8774  0.8984  0.8998  0.8977
  snr=1.00      0.8144  0.8902  0.9158  0.9243  0.9246  0.9242
  snr=2.00      0.8669  0.9138  0.9315  0.9414  0.9433  0.9419
  snr=5.00      0.8954  0.9271  0.9437  0.9563  0.9559  0.9563


  mean_FDP [EN]
  ------------------------------------------------------------
              rho=0.30rho=0.50rho=0.70rho=0.90rho=0.95rho=0.99
  snr=0.20      0.0559  0.0662  0.0722  0.0695  0.0668  0.0701
  snr=0.50      0.0732  0.0786  0.0758  0.0698  0.0672  0.0637
  snr=1.00      0.0804  0.0804  0.0761  0.0682  0.0652  0.0609
  snr=2.00      0.0828  0.0794  0.0768  0.0681  0.0667  0.0625
  snr=5.00      0.0839  0.0788  0.0754  0.0692  0.0664  0.0657


  mean_TPP [EN+AUG]
  ------------------------------------------------------------
              rho=0.30rho=0.50rho=0.70rho=0.90rho=0.95rho=0.99
  snr=0.20      0.3442  0.6093  0.7371  0.7953  0.8048  0.8092
  snr=0.50      0.7226  0.8514  0.8964  0.9144  0.9145  0.9103
  snr=1.00      0.8409  0.9084  0.9307  0.9405  0.9391  0.9406
  snr=2.00      0.8900  0.9293  0.9453  0.9562  0.9574  0.9576
  snr=5.00      0.9126  0.9426  0.9582  0.9674  0.9684  0.9662


  mean_FDP [EN+AUG]
  ------------------------------------------------------------
              rho=0.30rho=0.50rho=0.70rho=0.90rho=0.95rho=0.99
  snr=0.20      0.0538  0.0683  0.0723  0.0706  0.0672  0.0690
  snr=0.50      0.0749  0.0797  0.0795  0.0732  0.0660  0.0637
  snr=1.00      0.0807  0.0827  0.0768  0.0709  0.0633  0.0640
  snr=2.00      0.0834  0.0791  0.0749  0.0723  0.0689  0.0617
  snr=5.00      0.0852  0.0799  0.0776  0.0693  0.0671  0.0628


  mean_TPP [IEN]
  ------------------------------------------------------------
              rho=0.30rho=0.50rho=0.70rho=0.90rho=0.95rho=0.99
  snr=0.20      0.1759  0.3775  0.5442  0.6294  0.6392  0.0068
  snr=0.50      0.4600  0.6542  0.7306  0.7522  0.7521  0.0073
  snr=1.00      0.6223  0.7428  0.7869  0.7985  0.8009  0.0073
  snr=2.00      0.7051  0.7847  0.8248  0.8409  0.8395  0.0072
  snr=5.00      0.7525  0.8205  0.8515  0.8655  0.8607  0.0071


  mean_FDP [IEN]
  ------------------------------------------------------------
              rho=0.30rho=0.50rho=0.70rho=0.90rho=0.95rho=0.99
  snr=0.20      0.0171  0.0111  0.0116  0.0177  0.0200  0.0000
  snr=0.50      0.0072  0.0077  0.0095  0.0127  0.0135  0.0000
  snr=1.00      0.0042  0.0054  0.0074  0.0088  0.0105  0.0000
  snr=2.00      0.0031  0.0035  0.0051  0.0057  0.0068  0.0000
  snr=5.00      0.0013  0.0020  0.0027  0.0023  0.0025  0.0000

