
==============================================================================
  DA-TRex MC: da_ht_blocks_plus_white_Q_s2_Heavy_Single  (MC=200)
  HT+white Q sweep  n=150  p_total=500  M=5  s=5  rho=0.8  SNR=2  nu=3
  p_ar=M*Q varies  noise=s2_Heavy  linkage=Single
==============================================================================

Solver             Metric      Q         5        10        15        20        25        30        35        40        45        50
------------------------------------------------------------------------------------------------------------------------------------
TREX-DA+BT: TLARS  FDR              0.0513    0.0610    0.0716    0.0839    0.0859    0.0792    0.1161    0.1077    0.1183    0.1460
                   sd_FDR           0.1265    0.1241    0.1422    0.1622    0.1500    0.1471    0.1878    0.1843    0.2060    0.1933
                   TPR              0.7260    0.7390    0.7580    0.7280    0.7270    0.7460    0.7270    0.6910    0.6690    0.6610
                   sd_TPR           0.2280    0.2314    0.2317    0.2521    0.2416    0.2353    0.2498    0.2696    0.3051    0.2631
                   Avg L            1.8500    1.8900    1.9100    1.8900    1.8950    1.8800    1.8750    1.8900    1.9100    2.0100
                   Avg T           16.9550   20.4200   26.3150   36.5750   42.1900   38.0950   32.9750   32.3750   27.5350   28.9450

TREX-DA+BT: TAFS   FDR              0.0740    0.0677    0.0576    0.0718    0.0633    0.0590    0.0853    0.0628    0.0537    0.0731
                   sd_FDR           0.1147    0.1143    0.1101    0.1237    0.1201    0.1085    0.1420    0.1140    0.1257    0.1304
                   TPR              0.8230    0.8350    0.8490    0.8070    0.8140    0.8220    0.8320    0.8190    0.8280    0.7900
                   sd_TPR           0.2189    0.1798    0.2059    0.2097    0.2219    0.1921    0.2098    0.2174    0.2304    0.2396
                   Avg L            1.7200    1.6850    1.8200    1.8100    1.7950    1.7400    1.8500    1.9450    2.0300    2.0400
                   Avg T            6.4150    6.4650    6.8650    6.9250    7.0200    7.1700    7.3450    7.4700    7.5600    7.4300

TREX-DA+BT: TOMP   FDR              0.0919    0.0737    0.0646    0.0521    0.0537    0.0514    0.0644    0.0466    0.0462    0.0539
                   sd_FDR           0.1388    0.1161    0.1046    0.1117    0.0972    0.1003    0.1186    0.0927    0.1178    0.1004
                   TPR              0.8850    0.9010    0.8990    0.8990    0.8810    0.8930    0.8940    0.8970    0.8920    0.8660
                   sd_TPR           0.1999    0.1616    0.1838    0.1748    0.1761    0.1700    0.1826    0.1837    0.1953    0.1976
                   Avg L            1.4900    1.5800    1.6100    1.6100    1.6000    1.5950    1.7750    1.9000    1.9900    2.0050
                   Avg T            7.2450    6.8700    6.8700    6.7300    6.7700    7.2750    7.6650    7.7650    7.8900    7.8200

==============================================================================

