
==============================================================================
  DA-TRex MC: da_ht_blocks_plus_white_snr_s1_Gauss_Average  (MC=200)
  HT+white SNR sweep  n=150  p_total=500  M=5  Q=5  p_ar=25  s=5  rho=0.8
  nu=3  noise=s1_Gauss  linkage=Average
==============================================================================

  SNR                          0.10      0.20      0.50      0.60         1         2         5
-----------------------------------------------------------------------------------------------

TREX-DA+BT: TLARS
  FDR                        0.0225    0.0383    0.1079    0.0865    0.1125    0.0626    0.0637
  sd_FDR                     0.1444    0.1828    0.2388    0.1829    0.1879    0.1192    0.1187
  TPR                        0.0060    0.0180    0.2120    0.2820    0.5810    0.7580    0.8080
  sd_TPR                     0.0342    0.0608    0.2147    0.2348    0.2596    0.2146    0.1858
  Avg L                      1.5650    2.0850    3.4550    2.9850    2.4650    1.7700    1.6050
  Avg T                      8.4450    8.2250    7.3100    7.2350    9.9600   12.2000   18.7350

TREX-DA+BT: TAFS
  FDR                        0.0150    0.0500    0.0916    0.0905    0.1002    0.0778    0.0489
  sd_FDR                     0.1219    0.2073    0.1988    0.1850    0.1530    0.1248    0.1035
  TPR                        0.0050    0.0220    0.2350    0.3140    0.6500    0.8330    0.8230
  sd_TPR                     0.0313    0.0717    0.2272    0.2540    0.2635    0.1931    0.1542
  Avg L                      1.4700    2.1950    3.2750    3.0250    2.1750    1.6250    1.4750
  Avg T                      6.1850    5.5350    5.5850    5.0750    5.7050    6.7100    7.1100

TREX-DA+BT: TOMP
  FDR                        0.0300    0.0400    0.0937    0.0889    0.0930    0.0599    0.0445
  sd_FDR                     0.1710    0.1965    0.2121    0.1899    0.1569    0.1175    0.0866
  TPR                        0.0060    0.0260    0.2150    0.3080    0.6870    0.8950    0.9800
  sd_TPR                     0.0342    0.0674    0.2073    0.2462    0.2619    0.1640    0.0634
  Avg L                      1.5500    2.2550    3.3750    3.0200    2.0050    1.3700    1.1000
  Avg T                      7.2650    7.3400    7.0300    6.5400    7.1150    7.4500    7.1800

