
==============================================================================
  DA-TRex MC: da_ht_blocks_plus_white_rho_s1_Gauss_Single  (MC=200)
  HT+white rho sweep  n=150  p_total=500  M=5  Q=5  s=5  SNR=2  nu=3
  noise=s1_Gauss  linkage=Single
==============================================================================

  Rho                          0.00      0.10      0.20      0.30      0.40      0.50      0.60      0.70      0.80      0.90
-----------------------------------------------------------------------------------------------------------------------------

TREX-DA+BT: TLARS
  FDR                        0.0213    0.0267    0.0343    0.0253    0.0161    0.0199    0.0218    0.0266    0.0328    0.0655
  sd_FDR                     0.0819    0.0937    0.0910    0.0838    0.0638    0.0633    0.0650    0.0754    0.0825    0.1396
  TPR                        0.5660    0.5950    0.6500    0.7020    0.8120    0.8600    0.8690    0.8140    0.7550    0.6290
  sd_TPR                     0.2537    0.2701    0.2605    0.2480    0.2128    0.1881    0.1811    0.2201    0.2200    0.2350
  Avg L                      2.1650    2.1250    2.1500    2.1350    1.9550    1.8800    1.9400    1.9200    1.8650    1.8350
  Avg T                     26.9600   25.8000   25.3700   20.2250   19.7200   17.4500   19.2800   19.7100   20.9450   20.4000

TREX-DA+BT: TAFS
  FDR                        0.0177    0.0205    0.0232    0.0127    0.0192    0.0182    0.0197    0.0182    0.0384    0.1168
  sd_FDR                     0.0701    0.0697    0.0778    0.0515    0.0624    0.0624    0.0614    0.0607    0.0855    0.1809
  TPR                        0.6080    0.6420    0.7050    0.7580    0.8760    0.9090    0.9340    0.9210    0.8700    0.7010
  sd_TPR                     0.2696    0.2910    0.2682    0.2485    0.1980    0.1746    0.1691    0.1781    0.1857    0.2423
  Avg L                      2.0450    1.9900    2.0150    1.9550    1.7950    1.7150    1.6500    1.6850    1.7000    1.9950
  Avg T                      7.2750    7.2500    7.2950    6.6400    7.0300    6.6600    6.5450    6.7600    6.8850    7.2500

TREX-DA+BT: TOMP
  FDR                        0.0116    0.0177    0.0164    0.0197    0.0195    0.0143    0.0196    0.0210    0.0370    0.1165
  sd_FDR                     0.0517    0.0659    0.0590    0.0617    0.0611    0.0510    0.0566    0.0633    0.0845    0.1656
  TPR                        0.6370    0.6740    0.7460    0.8090    0.9040    0.9530    0.9750    0.9500    0.9240    0.7610
  sd_TPR                     0.2705    0.2838    0.2732    0.2315    0.1804    0.1330    0.1041    0.1232    0.1308    0.2129
  Avg L                      1.9850    2.0250    1.9300    1.8900    1.7150    1.5150    1.4650    1.4100    1.4500    1.6850
  Avg T                      7.8050    7.7300    7.7650    7.5150    7.2350    6.7750    6.5600    6.9050    7.1450    7.4700

