
==============================================================================
  DA-TRex MC: da_ht_blocks_plus_white_snr_s1_Gauss_Complete  (MC=200)
  HT+white SNR sweep  n=150  p_total=500  M=5  Q=5  p_ar=25  s=5  rho=0.8
  nu=3  noise=s1_Gauss  linkage=Complete
==============================================================================

  SNR                          0.10      0.20      0.50      0.60         1         2         5
-----------------------------------------------------------------------------------------------

TREX-DA+BT: TLARS
  FDR                        0.0225    0.0642    0.1171    0.0985    0.1110    0.0780    0.0712
  sd_FDR                     0.1444    0.2355    0.2399    0.2003    0.1718    0.1320    0.1226
  TPR                        0.0030    0.0240    0.2300    0.2930    0.5810    0.7740    0.8220
  sd_TPR                     0.0244    0.0738    0.2157    0.2354    0.2517    0.2067    0.1746
  Avg L                      1.5650    2.2150    3.3300    3.1300    2.5250    1.7750    1.6150
  Avg T                      6.9450    7.6600    8.1450    7.4400    8.9950   12.6250   17.4650

TREX-DA+BT: TAFS
  FDR                        0.0200    0.0608    0.1021    0.0897    0.1031    0.0823    0.0609
  sd_FDR                     0.1404    0.2346    0.2168    0.1815    0.1640    0.1290    0.1115
  TPR                        0.0050    0.0200    0.2290    0.3090    0.6480    0.8400    0.8380
  sd_TPR                     0.0313    0.0634    0.2200    0.2550    0.2794    0.1892    0.1506
  Avg L                      1.4700    2.1950    3.3500    3.1800    2.1450    1.6550    1.5050
  Avg T                      6.0500    5.6000    5.6200    5.2200    5.8850    6.5700    7.1050

TREX-DA+BT: TOMP
  FDR                        0.0275    0.0525    0.1014    0.0945    0.1012    0.0673    0.0413
  sd_FDR                     0.1601    0.2208    0.2285    0.1904    0.1685    0.1232    0.0848
  TPR                        0.0070    0.0200    0.2220    0.3120    0.6720    0.8960    0.9810
  sd_TPR                     0.0368    0.0602    0.2101    0.2420    0.2735    0.1653    0.0653
  Avg L                      1.5500    2.2050    3.2300    3.1850    2.0450    1.3950    1.1100
  Avg T                      7.3300    7.0450    6.6200    6.6100    6.9750    7.3200    7.3700

