
==============================================================================
  DA-TRex MC: da_ht_blocks_plus_white_M_s1_Gauss_Average  (MC=200)
  HT+white M sweep  n=150  p_total=500  Q=5  rho=0.8  SNR=2  nu=3
  p_ar=M*Q and s=M vary  noise=s1_Gauss  linkage=Average
==============================================================================

Solver             Metric      M         1         3         5        10        15        20        30
------------------------------------------------------------------------------------------------------
TREX-DA+BT: TLARS  FDR              0.0183    0.0435    0.0648    0.1613    0.1530    0.2270    0.1816
                   sd_FDR           0.0971    0.1231    0.1198    0.1800    0.2020    0.2992    0.2987
                   TPR              0.8150    0.8167    0.7620    0.3850    0.1770    0.0815    0.0320
                   sd_TPR           0.3893    0.2285    0.2163    0.2034    0.1406    0.0870    0.0466
                   Avg L            4.2700    2.1300    1.7950    2.4100    3.0500    3.0150    3.1200
                   Avg T           36.8450   20.0300   11.8300    6.4700    6.2850    6.0250    6.0850

TREX-DA+BT: TAFS   FDR              0.0275    0.0382    0.0625    0.1142    0.1140    0.1677    0.0963
                   sd_FDR           0.1601    0.1095    0.1030    0.1664    0.1911    0.2947    0.2422
                   TPR              0.0100    0.6783    0.8700    0.4850    0.1610    0.0635    0.0213
                   sd_TPR           0.0997    0.1872    0.1638    0.2325    0.1345    0.0733    0.0355
                   Avg L            1.2150    2.1350    1.6450    2.1650    2.8750    3.0350    2.9250
                   Avg T            7.1350    7.5100    6.9300    6.4250    6.1000    5.6200    5.0050

TREX-DA+BT: TOMP   FDR              0.0125    0.0291    0.0441    0.1050    0.0948    0.1683    0.0912
                   sd_FDR           0.0783    0.0839    0.0916    0.1702    0.1920    0.3231    0.2374
                   TPR              0.9950    0.9783    0.9170    0.4575    0.1343    0.0475    0.0165
                   sd_TPR           0.0707    0.0950    0.1407    0.2461    0.1209    0.0580    0.0261
                   Avg L            4.9050    2.0550    1.3750    1.9700    2.9200    3.1600    3.1000
                   Avg T            7.9000    7.7500    7.5700    6.6950    6.8050    6.8500    6.8100

==============================================================================

