
==============================================================================
  DA-TRex MC: da_ht_blocks_plus_white_Q_s2_Heavy_Complete  (MC=200)
  HT+white Q sweep  n=150  p_total=500  M=5  s=5  rho=0.8  SNR=2  nu=3
  p_ar=M*Q varies  noise=s2_Heavy  linkage=Complete
==============================================================================

  Q                            5.00     10.00     15.00     20.00     25.00     30.00     35.00     40.00     45.00     50.00
-----------------------------------------------------------------------------------------------------------------------------

TREX-DA+BT: TLARS
  FDR                        0.1387    0.1514    0.1314    0.1614    0.1437    0.1617    0.1778    0.1974    0.1744    0.2127
  sd_FDR                     0.1848    0.1630    0.1585    0.1612    0.1593    0.1722    0.1966    0.2166    0.1966    0.1862
  TPR                        0.7490    0.7670    0.7700    0.7910    0.7860    0.7780    0.7840    0.7550    0.7660    0.7500
  sd_TPR                     0.2196    0.2082    0.2239    0.2018    0.2192    0.2129    0.2392    0.2524    0.2305    0.2248
  Avg L                      1.8050    1.6450    1.6700    1.6800    1.6900    1.7300    1.7100    1.6150    1.7800    1.8000
  Avg T                      9.6300   11.5500   11.6450   14.9900   14.1100   21.3350   23.8850   21.1300   17.5150   16.3850

TREX-DA+BT: TAFS
  FDR                        0.1423    0.1341    0.1196    0.1277    0.1186    0.1193    0.1312    0.1213    0.0962    0.1317
  sd_FDR                     0.1628    0.1517    0.1344    0.1500    0.1490    0.1428    0.1750    0.1539    0.1348    0.1488
  TPR                        0.8300    0.8470    0.8540    0.8500    0.8470    0.8420    0.8510    0.8430    0.8600    0.8430
  sd_TPR                     0.2072    0.1701    0.1834    0.1710    0.2054    0.1898    0.2159    0.2034    0.1923    0.1825
  Avg L                      1.6000    1.5450    1.5050    1.5600    1.5500    1.5350    1.5450    1.6250    1.8600    1.8200
  Avg T                      6.0200    6.2250    6.5700    6.6400    6.8150    6.7100    6.8450    7.1850    7.1550    7.0300

TREX-DA+BT: TOMP
  FDR                        0.1365    0.1188    0.1209    0.1065    0.1099    0.1029    0.1212    0.0962    0.0833    0.0931
  sd_FDR                     0.1601    0.1380    0.1473    0.1425    0.1241    0.1336    0.1453    0.1330    0.1333    0.1288
  TPR                        0.8950    0.9070    0.9150    0.9190    0.8990    0.9120    0.9050    0.9070    0.9150    0.8990
  sd_TPR                     0.1770    0.1499    0.1659    0.1618    0.1665    0.1548    0.1837    0.1792    0.1634    0.1653
  Avg L                      1.3600    1.3050    1.2850    1.2750    1.3650    1.3500    1.4200    1.5300    1.7700    1.8100
  Avg T                      6.8500    7.1400    7.3800    7.5450    7.4200    7.5200    7.5800    7.6050    7.6050    7.7400

