
==============================================================================
  DA-TRex MC: da_ht_blocks_plus_white_M_s2_Heavy_Average  (MC=200)
  HT+white M sweep  n=150  p_total=500  Q=5  rho=0.8  SNR=2  nu=3
  p_ar=M*Q and s=M vary  noise=s2_Heavy  linkage=Average
==============================================================================

  M                               1         3         5        10        15        20        30
-----------------------------------------------------------------------------------------------

TREX-DA+BT: TLARS
  FDR                        0.1326    0.1220    0.0955    0.1870    0.1875    0.2466    0.1941
  sd_FDR                     0.2492    0.2019    0.1564    0.1840    0.2363    0.2831    0.3015
  TPR                        0.8050    0.7950    0.7690    0.4340    0.2230    0.0950    0.0420
  sd_TPR                     0.3972    0.2448    0.1955    0.2116    0.1587    0.1028    0.0587
  Avg L                      3.9300    2.0900    1.7500    2.2500    2.6900    3.0250    2.8500
  Avg T                     25.7800   14.8200   12.8150    7.1550    6.1100    7.4300    6.4800

TREX-DA+BT: TAFS
  FDR                        0.1100    0.1079    0.1158    0.1433    0.1578    0.1658    0.1627
  sd_FDR                     0.3096    0.1816    0.1562    0.1483    0.2201    0.2553    0.3166
  TPR                        0.0100    0.6933    0.8480    0.5440    0.2273    0.0750    0.0267
  sd_TPR                     0.0997    0.2149    0.1818    0.2728    0.1770    0.0880    0.0401
  Avg L                      1.4100    2.0950    1.6000    1.8050    2.6450    2.9500    3.0800
  Avg T                      6.0250    6.6350    6.5250    6.1250    6.6350    5.7100    5.5400

TREX-DA+BT: TOMP
  FDR                        0.1292    0.1116    0.1023    0.1360    0.1408    0.2005    0.1650
  sd_FDR                     0.2257    0.1562    0.1276    0.1802    0.2409    0.3018    0.3278
  TPR                        1.0000    0.9783    0.9090    0.5330    0.1843    0.0595    0.0205
  sd_TPR                     0.0000    0.0950    0.1639    0.2923    0.1612    0.0729    0.0304
  Avg L                      4.4500    2.0450    1.3250    1.7650    2.4300    2.8700    3.2300
  Avg T                      7.7150    7.6650    7.2150    6.2300    6.6600    6.7100    6.8800

