
==============================================================================
  DA-TRex MC: da_ht_blocks_plus_white_snr_s2_Heavy_Complete  (MC=200)
  HT+white SNR sweep  n=150  p_total=500  M=5  Q=5  p_ar=25  s=5  rho=0.8
  nu=3  noise=s2_Heavy  linkage=Complete
==============================================================================

  SNR                          0.10      0.20      0.50      0.60      1.00      2.00      5.00
-----------------------------------------------------------------------------------------------

TREX-DA+BT: TLARS
  FDR                        0.1358    0.1690    0.1861    0.1883    0.1342    0.1233    0.1242
  sd_FDR                     0.3363    0.3605    0.2823    0.2747    0.1945    0.1416    0.1567
  TPR                        0.0100    0.0420    0.3050    0.3800    0.6130    0.7930    0.8100
  sd_TPR                     0.0437    0.1014    0.2591    0.2807    0.2808    0.1979    0.2100
  Avg L                      2.1450    2.5650    3.0800    2.9550    2.2750    1.6550    1.4250
  Avg T                      7.9750    8.2300   11.6450    7.7450    7.8600    9.5200   11.7550

TREX-DA+BT: TAFS
  FDR                        0.1575    0.1867    0.1863    0.1820    0.1181    0.1283    0.1183
  sd_FDR                     0.3600    0.3670    0.2831    0.2726    0.1674    0.1534    0.1527
  TPR                        0.0080    0.0450    0.3410    0.4140    0.7200    0.8620    0.8220
  sd_TPR                     0.0393    0.1050    0.2911    0.3051    0.2727    0.1752    0.1537
  Avg L                      2.1450    2.7500    2.8450    2.7850    2.0500    1.5450    1.4000
  Avg T                      5.5700    5.3500    5.7350    5.8450    6.3550    6.2850    6.4050

TREX-DA+BT: TOMP
  FDR                        0.1450    0.1733    0.1724    0.1852    0.1216    0.1274    0.1179
  sd_FDR                     0.3458    0.3595    0.2921    0.2784    0.1803    0.1391    0.1419
  TPR                        0.0110    0.0490    0.3280    0.3930    0.7440    0.9150    0.9630
  sd_TPR                     0.0499    0.1143    0.2836    0.3089    0.2934    0.1466    0.1204
  Avg L                      2.1100    2.8250    3.0050    2.8150    1.8700    1.3550    1.1150
  Avg T                      7.2400    7.1100    6.2950    6.5500    7.0650    7.3150    6.9550

