
==============================================================================
  DA-TRex MC: da_ht_blocks_plus_white_M_s2_Heavy_Complete  (MC=200)
  HT+white M sweep  n=150  p_total=500  Q=5  rho=0.8  SNR=2  nu=3
  p_ar=M*Q and s=M vary  noise=s2_Heavy  linkage=Complete
==============================================================================

  M                               1         3         5        10        15        20        30
-----------------------------------------------------------------------------------------------

TREX-DA+BT: TLARS
  FDR                        0.1432    0.1104    0.1147    0.1949    0.1850    0.2355    0.2072
  sd_FDR                     0.2561    0.1780    0.1731    0.1880    0.2207    0.2772    0.2960
  TPR                        0.8000    0.8017    0.7650    0.4330    0.2313    0.0968    0.0457
  sd_TPR                     0.4010    0.2412    0.2097    0.2197    0.1667    0.1033    0.0581
  Avg L                      3.9200    2.0550    1.6950    2.2250    2.7950    2.9050    3.0100
  Avg T                     22.6850   14.9800   12.1100    6.2450    6.6300    5.8450    6.1700

TREX-DA+BT: TAFS
  FDR                        0.1808    0.1215    0.1294    0.1444    0.1443    0.1759    0.1643
  sd_FDR                     0.3795    0.1878    0.1609    0.1615    0.2118    0.2660    0.3112
  TPR                        0.0250    0.6983    0.8500    0.5415    0.2317    0.0777    0.0260
  sd_TPR                     0.1565    0.2155    0.1878    0.2724    0.1915    0.0893    0.0374
  Avg L                      1.5050    2.0650    1.5750    1.7350    2.4700    2.8500    2.9150
  Avg T                      5.9250    7.1550    6.7350    5.7350    6.4200    5.6050    4.9950

TREX-DA+BT: TOMP
  FDR                        0.1267    0.1208    0.1060    0.1370    0.1275    0.1890    0.1551
  sd_FDR                     0.2206    0.1562    0.1343    0.1782    0.2122    0.2967    0.3193
  TPR                        0.9900    0.9817    0.8980    0.5285    0.1793    0.0597    0.0210
  sd_TPR                     0.0997    0.0897    0.1838    0.2849    0.1694    0.0692    0.0305
  Avg L                      4.4050    2.0300    1.3000    1.7500    2.4950    2.9750    3.2950
  Avg T                      7.7100    7.6000    7.2650    6.2900    6.5700    6.7600    6.7300

