
==============================================================================
  DA-TRex MC: da_ht_blocks_plus_white_tFDR_s2_Heavy_Average  (MC=200)
  HT+white tFDR sweep  n=150  p_total=500  M=5  Q=5  p_ar=25  s=5  rho=0.8
  SNR=2  nu=3  noise=s2_Heavy  linkage=Average
==============================================================================

Solver             Metric   tFDR      0.05      0.10      0.15      0.20      0.25      0.30      0.35      0.40      0.45      0.50
------------------------------------------------------------------------------------------------------------------------------------
TREX-DA+BT: TLARS  FDR              0.0475    0.0597    0.0797    0.1074    0.1265    0.1796    0.2779    0.2730    0.3643    0.4253
                   sd_FDR           0.1336    0.1164    0.1477    0.1510    0.1630    0.1642    0.1988    0.1851    0.1987    0.1714
                   TPR              0.6330    0.7240    0.7450    0.7710    0.7640    0.7910    0.7810    0.8310    0.8800    0.9010
                   sd_TPR           0.2582    0.2146    0.2168    0.2029    0.2194    0.1978    0.2377    0.2179    0.1771    0.1604
                   Avg L            6.3300    3.5050    2.3550    1.7050    1.3000    1.0550    1.0500    1.0100    1.0050    1.0050
                   Avg T           15.0600   14.2800   15.8700   12.3500   10.0550    8.4550   10.8750   12.6550   18.9600   23.6950

TREX-DA+BT: TAFS   FDR              0.0749    0.0799    0.1033    0.1244    0.1360    0.2101    0.2820    0.3151    0.3415    0.3884
                   sd_FDR           0.1362    0.1263    0.1636    0.1557    0.1549    0.1687    0.1752    0.1554    0.1441    0.1274
                   TPR              0.7810    0.8250    0.8260    0.8840    0.8510    0.8990    0.9000    0.9070    0.9420    0.9420
                   sd_TPR           0.2352    0.1859    0.1905    0.1596    0.1793    0.1460    0.1827    0.1615    0.1072    0.1109
                   Avg L            5.3850    2.7550    2.1150    1.4700    1.0950    1.0150    1.0200    1.0050    1.0000    1.0000
                   Avg T            6.1550    6.3400    6.5800    6.4600    6.2500    6.7650    7.9700    8.3500    8.5950    8.9800

TREX-DA+BT: TOMP   FDR              0.0842    0.0890    0.1148    0.1382    0.1532    0.2025    0.2616    0.2669    0.2669    0.2902
                   sd_FDR           0.1433    0.1261    0.1375    0.1526    0.1388    0.1516    0.1579    0.1500    0.1559    0.1492
                   TPR              0.8990    0.9210    0.9330    0.9390    0.9490    0.9540    0.9390    0.9390    0.9490    0.9540
                   sd_TPR           0.2035    0.1724    0.1570    0.1476    0.1299    0.1055    0.1619    0.1287    0.1042    0.0934
                   Avg L            4.6850    2.2650    2.0650    1.1050    1.0600    1.0050    1.0300    1.0150    1.0000    1.0000
                   Avg T            7.2050    7.1200    7.3000    7.1500    7.1850    7.3500    8.0950    8.3050    8.4150    8.3300

==============================================================================

