
==============================================================================
  DA-TRex MC: da_ht_blocks_plus_white_snr_s2_Heavy_Single  (MC=200)
  HT+white SNR sweep  n=150  p_total=500  M=5  Q=5  p_ar=25  s=5  rho=0.8
  nu=3  noise=s2_Heavy  linkage=Single
==============================================================================

Solver             Metric    SNR      0.10      0.20      0.50      0.60         1         2         5
------------------------------------------------------------------------------------------------------
TREX-DA+BT: TLARS  FDR              0.0950    0.1358    0.1153    0.1214    0.0719    0.0470    0.0359
                   sd_FDR           0.2896    0.3219    0.2391    0.2422    0.1535    0.1122    0.0845
                   TPR              0.0050    0.0380    0.2850    0.3530    0.5910    0.7580    0.8020
                   sd_TPR           0.0313    0.0905    0.2435    0.2734    0.2880    0.2309    0.2159
                   Avg L            1.9150    2.4650    3.1450    3.0900    2.2800    1.8000    1.5900
                   Avg T           10.8150    9.2300   10.8600    8.8300   15.5350   18.0000   22.8450

TREX-DA+BT: TAFS   FDR              0.1075    0.1221    0.1146    0.1536    0.0853    0.0592    0.0491
                   sd_FDR           0.3085    0.3017    0.2290    0.2618    0.1384    0.1038    0.0977
                   TPR              0.0090    0.0420    0.3130    0.4110    0.6950    0.8530    0.8180
                   sd_TPR           0.0416    0.1034    0.2833    0.3075    0.3000    0.1928    0.1668
                   Avg L            1.9500    2.5800    2.8750    2.8800    2.0950    1.5900    1.5550
                   Avg T            6.0500    5.6450    5.6350    5.7650    6.1800    6.5200    6.6550

TREX-DA+BT: TOMP   FDR              0.1075    0.1392    0.1333    0.1359    0.0922    0.0726    0.0708
                   sd_FDR           0.3044    0.3324    0.2663    0.2553    0.1587    0.1085    0.1045
                   TPR              0.0090    0.0400    0.3300    0.3990    0.7380    0.9050    0.9640
                   sd_TPR           0.0416    0.1003    0.2979    0.3109    0.2943    0.1712    0.1182
                   Avg L            1.9800    2.5250    3.1150    2.7800    2.0400    1.4550    1.3050
                   Avg T            7.4800    6.9200    6.5700    6.4650    6.6500    6.9800    7.1500

==============================================================================

