
==============================================================================
  DA-TRex MC: da_ht_blocks_plus_white_M_s1_Gauss_Complete  (MC=200)
  HT+white M sweep  n=150  p_total=500  Q=5  rho=0.8  SNR=2  nu=3
  p_ar=M*Q and s=M vary  noise=s1_Gauss  linkage=Complete
==============================================================================

Solver             Metric      M         1         3         5        10        15        20        30
------------------------------------------------------------------------------------------------------
TREX-DA+BT: TLARS  FDR              0.0250    0.0424    0.0824    0.1618    0.1728    0.2243    0.1897
                   sd_FDR           0.1202    0.1102    0.1280    0.1787    0.2154    0.2982    0.3133
                   TPR              0.8050    0.8200    0.7750    0.3820    0.1810    0.0843    0.0313
                   sd_TPR           0.3972    0.2263    0.2140    0.1977    0.1428    0.0878    0.0473
                   Avg L            4.2250    2.1050    1.7950    2.3550    3.0450    3.1650    3.1450
                   Avg T           34.8350   18.7150   11.2600    6.5300    6.9750    7.7650    5.5900

TREX-DA+BT: TAFS   FDR              0.0650    0.0349    0.0735    0.1271    0.1287    0.1930    0.1288
                   sd_FDR           0.2420    0.1014    0.1162    0.1691    0.2093    0.3039    0.2854
                   TPR              0.0300    0.6817    0.8760    0.4685    0.1637    0.0688    0.0210
                   sd_TPR           0.1710    0.1899    0.1611    0.2307    0.1355    0.0734    0.0359
                   Avg L            1.3500    2.1100    1.6200    2.0500    2.7800    3.0200    3.0400
                   Avg T            7.1200    7.3100    6.8550    6.3500    6.1500    5.6600    5.1150

TREX-DA+BT: TOMP   FDR              0.0183    0.0286    0.0443    0.1140    0.1040    0.1562    0.1098
                   sd_FDR           0.0971    0.0851    0.0884    0.1706    0.2072    0.3044    0.2826
                   TPR              0.9850    0.9783    0.9180    0.4540    0.1307    0.0493    0.0160
                   sd_TPR           0.1219    0.0950    0.1420    0.2514    0.1205    0.0590    0.0254
                   Avg L            4.8700    2.0600    1.3400    1.9650    2.8950    3.3550    3.1950
                   Avg T            7.9200    7.7900    7.5100    6.7900    6.7550    6.6750    6.9050

==============================================================================

