
==============================================================================
  DA-TRex MC: da_ht_blocks_plus_white_M_s2_Heavy_Single  (MC=200)
  HT+white M sweep  n=150  p_total=500  Q=5  rho=0.8  SNR=2  nu=3
  p_ar=M*Q and s=M vary  noise=s2_Heavy  linkage=Single
==============================================================================

  M                            1.00      3.00      5.00     10.00     15.00     20.00     30.00
-----------------------------------------------------------------------------------------------

TREX-DA+BT: TLARS
  FDR                        0.0983    0.0453    0.0524    0.1201    0.1214    0.1734    0.1824
  sd_FDR                     0.2266    0.1200    0.1243    0.1799    0.1938    0.2632    0.3004
  TPR                        0.7950    0.7800    0.7520    0.4040    0.2030    0.0843    0.0375
  sd_TPR                     0.4047    0.2598    0.2262    0.2246    0.1465    0.0953    0.0498
  Avg L                      3.9000    2.1500    1.8400    2.3650    2.8450    2.8450    2.8950
  Avg T                     32.9750   24.9100   19.5700    8.6800    6.7200    6.5800    6.3000

TREX-DA+BT: TAFS
  FDR                        0.0975    0.0549    0.0588    0.0984    0.1267    0.1425    0.1439
  sd_FDR                     0.2953    0.1346    0.1215    0.1203    0.2177    0.2509    0.2995
  TPR                        0.0050    0.6650    0.8470    0.5365    0.2233    0.0737    0.0257
  sd_TPR                     0.0707    0.2512    0.2074    0.2795    0.1831    0.0884    0.0373
  Avg L                      1.2900    2.0500    1.6700    1.9850    2.5600    2.9700    3.0150
  Avg T                      6.3850    7.0150    6.6500    6.3900    6.2100    5.3500    5.1850

TREX-DA+BT: TOMP
  FDR                        0.1083    0.0657    0.0736    0.1123    0.1267    0.1551    0.1466
  sd_FDR                     0.2079    0.1227    0.1205    0.1683    0.2404    0.2825    0.3139
  TPR                        0.9800    0.9783    0.9040    0.5145    0.1760    0.0555    0.0187
  sd_TPR                     0.1404    0.1061    0.1553    0.2973    0.1582    0.0665    0.0264
  Avg L                      4.4750    2.1300    1.4900    1.8250    2.5950    2.9350    3.1550
  Avg T                      7.7800    7.6850    7.0900    5.9450    6.8700    7.1250    6.9900

