
==============================================================================
  DA-TRex MC: da_ht_blocks_plus_white_rho_s1_Gauss_Average  (MC=200)
  HT+white rho sweep  n=150  p_total=500  M=5  Q=5  s=5  SNR=2  nu=3
  noise=s1_Gauss  linkage=Average
==============================================================================

  Rho                             0      0.10      0.20      0.30      0.40      0.50      0.60      0.70      0.80      0.90
-----------------------------------------------------------------------------------------------------------------------------

TREX-DA+BT: TLARS
  FDR                        0.0658    0.0699    0.0754    0.0549    0.0714    0.0667    0.0744    0.0541    0.0722    0.0905
  sd_FDR                     0.1041    0.1063    0.1155    0.1030    0.1108    0.1169    0.1231    0.1008    0.1238    0.1625
  TPR                        0.8990    0.9280    0.9260    0.9140    0.9210    0.8920    0.8780    0.8260    0.7650    0.6350
  sd_TPR                     0.1902    0.1805    0.1620    0.1494    0.1552    0.1551    0.1780    0.1937    0.2049    0.2443
  Avg L                      2.0950    2.1250    2.0800    2.0400    1.8900    1.8350    1.8250    1.7450    1.8150    1.7850
  Avg T                     15.8450   15.9950   14.2450   16.1900   11.9750   12.1650   14.4400   11.7300   12.9200   14.3350

TREX-DA+BT: TAFS
  FDR                        0.0623    0.0485    0.0611    0.0466    0.0572    0.0458    0.0542    0.0372    0.0654    0.1206
  sd_FDR                     0.0971    0.0929    0.0985    0.0935    0.0957    0.0868    0.0990    0.0804    0.0995    0.1808
  TPR                        0.9420    0.9340    0.9600    0.9550    0.9580    0.9620    0.9430    0.9140    0.8710    0.6990
  sd_TPR                     0.1743    0.1914    0.1375    0.1306    0.1383    0.1123    0.1519    0.1672    0.1688    0.2347
  Avg L                      2.0050    1.9350    2.0000    1.8950    1.7400    1.6400    1.5150    1.5250    1.5600    1.8800
  Avg T                      6.9700    6.8600    6.5250    6.8250    6.9200    6.7550    6.7800    6.5350    6.8150    6.9850

TREX-DA+BT: TOMP
  FDR                        0.0361    0.0398    0.0320    0.0461    0.0387    0.0288    0.0404    0.0328    0.0538    0.1353
  sd_FDR                     0.0780    0.0808    0.0715    0.0882    0.0837    0.0674    0.0797    0.0771    0.0978    0.1723
  TPR                        0.9680    0.9780    0.9790    0.9850    0.9740    0.9740    0.9810    0.9540    0.9240    0.7710
  sd_TPR                     0.1142    0.1166    0.0927    0.0693    0.1140    0.1048    0.0953    0.1147    0.1353    0.2116
  Avg L                      1.9600    1.9750    1.9050    1.8000    1.6500    1.5000    1.3500    1.2700    1.2850    1.6100
  Avg T                      7.6350    7.6100    7.4600    7.4500    7.4050    7.4850    6.9150    7.2800    7.4250    7.6200

