
==============================================================================
  DA-TRex MC: da_ht_blocks_plus_white_rho_s2_Heavy_Average  (MC=200)
  HT+white rho sweep  n=150  p_total=500  M=5  Q=5  s=5  SNR=2  nu=3
  noise=s2_Heavy  linkage=Average
==============================================================================

  Rho                             0      0.10      0.20      0.30      0.40      0.50      0.60      0.70      0.80      0.90
-----------------------------------------------------------------------------------------------------------------------------

TREX-DA+BT: TLARS
  FDR                        0.1283    0.1190    0.1080    0.1030    0.0969    0.1161    0.1205    0.1018    0.0983    0.1277
  sd_FDR                     0.1632    0.1416    0.1526    0.1468    0.1380    0.1338    0.1568    0.1459    0.1429    0.1743
  TPR                        0.9170    0.9050    0.9130    0.9270    0.9180    0.9150    0.8710    0.8170    0.7800    0.6370
  sd_TPR                     0.1873    0.2054    0.2021    0.1568    0.1643    0.1609    0.2063    0.2082    0.2035    0.2278
  Avg L                      2.0850    2.0400    1.9950    1.9050    1.8200    1.7850    1.7050    1.6650    1.7400    1.8400
  Avg T                     12.0400   13.4600   12.3950   10.6850   12.0750   10.9800   11.6700   12.1300   11.6800   12.8450

TREX-DA+BT: TAFS
  FDR                        0.1123    0.1189    0.1083    0.1042    0.1008    0.1060    0.1229    0.1060    0.1071    0.1703
  sd_FDR                     0.1305    0.1324    0.1416    0.1361    0.1327    0.1238    0.1529    0.1452    0.1361    0.1871
  TPR                        0.9400    0.9470    0.9510    0.9640    0.9390    0.9590    0.9260    0.8940    0.8700    0.7020
  sd_TPR                     0.1701    0.1854    0.1585    0.1311    0.1644    0.0988    0.1830    0.1815    0.1497    0.2205
  Avg L                      1.9250    1.8850    1.9000    1.7200    1.6200    1.5800    1.4900    1.4650    1.5800    1.7200
  Avg T                      6.0950    6.6750    6.6400    6.4900    6.1900    6.5050    6.4800    6.3800    6.5350    6.6650

TREX-DA+BT: TOMP
  FDR                        0.1219    0.1121    0.1072    0.1061    0.0930    0.1164    0.1135    0.1127    0.1062    0.1536
  sd_FDR                     0.1411    0.1182    0.1314    0.1275    0.1217    0.1201    0.1269    0.1423    0.1415    0.1566
  TPR                        0.9590    0.9710    0.9660    0.9740    0.9660    0.9720    0.9560    0.9400    0.9210    0.7970
  sd_TPR                     0.1450    0.1105    0.1238    0.1208    0.1376    0.1117    0.1679    0.1473    0.1358    0.1949
  Avg L                      1.7700    1.8600    1.8200    1.6550    1.5250    1.3350    1.3300    1.2800    1.2750    1.4900
  Avg T                      7.3950    7.2850    7.4350    7.3100    7.1250    6.9700    6.9550    7.0050    7.0650    7.3500

