
==============================================================================
  DA-TRex MC: da_ht_blocks_plus_white_tFDR_s1_Gauss_Single  (MC=200)
  HT+white tFDR sweep  n=150  p_total=500  M=5  Q=5  p_ar=25  s=5  rho=0.8
  SNR=2  nu=3  noise=s1_Gauss  linkage=Single
==============================================================================

Solver             Metric   tFDR      0.05      0.10      0.15      0.20      0.25      0.30      0.35      0.40      0.45      0.50
------------------------------------------------------------------------------------------------------------------------------------
TREX-DA+BT: TLARS  FDR              0.0177    0.0192    0.0213    0.0229    0.0311    0.0581    0.0812    0.1324    0.1968    0.2740
                   sd_FDR           0.0767    0.0926    0.0705    0.0727    0.0823    0.1105    0.1149    0.1364    0.1372    0.1414
                   TPR              0.6020    0.7190    0.7240    0.7790    0.7750    0.7620    0.8070    0.8170    0.9010    0.9250
                   sd_TPR           0.2828    0.2481    0.2402    0.2019    0.2034    0.2163    0.2029    0.2101    0.1653    0.1634
                   Avg L            6.3400    3.6500    2.4200    1.9100    1.3850    1.1350    1.0850    1.0500    1.0100    1.0050
                   Avg T           20.7650   23.7400   25.7400   18.1800   16.4450   13.1900   14.0950   15.0050   20.0600   27.6300

TREX-DA+BT: TAFS   FDR              0.0525    0.0327    0.0440    0.0493    0.0617    0.0939    0.1194    0.1661    0.2091    0.2355
                   sd_FDR           0.1154    0.0818    0.0999    0.1054    0.1109    0.1346    0.1298    0.1230    0.1378    0.1480
                   TPR              0.7830    0.8190    0.8390    0.8900    0.8540    0.8700    0.9190    0.9240    0.9390    0.9330
                   sd_TPR           0.2319    0.2118    0.1834    0.1576    0.1698    0.1745    0.1679    0.1560    0.1271    0.1436
                   Avg L            5.4800    2.9800    2.1350    1.6600    1.1600    1.0300    1.0200    1.0100    1.0000    1.0000
                   Avg T            6.5850    6.6600    6.7850    6.9400    6.8550    6.7350    6.8900    7.4950    7.9100    8.1150

TREX-DA+BT: TOMP   FDR              0.0499    0.0487    0.0488    0.0489    0.0638    0.0906    0.1093    0.1273    0.1417    0.1503
                   sd_FDR           0.1099    0.1029    0.0959    0.0965    0.1078    0.1390    0.1247    0.1302    0.1368    0.1415
                   TPR              0.9050    0.9250    0.9340    0.9490    0.9450    0.9270    0.9530    0.9560    0.9590    0.9380
                   sd_TPR           0.1826    0.1533    0.1475    0.1080    0.1359    0.1462    0.1268    0.1064    0.0903    0.1226
                   Avg L            4.7950    2.5400    2.0500    1.3550    1.0350    1.0400    1.0200    1.0050    1.0000    1.0050
                   Avg T            7.3700    7.4100    7.5100    6.7650    7.3500    7.6050    7.7600    7.8250    8.0900    7.9900

==============================================================================

