
==============================================================================
  DA-TRex MC: da_ht_blocks_plus_white_rho_s2_Heavy_Complete  (MC=200)
  HT+white rho sweep  n=150  p_total=500  M=5  Q=5  s=5  SNR=2  nu=3
  noise=s2_Heavy  linkage=Complete
==============================================================================

  Rho                          0.00      0.10      0.20      0.30      0.40      0.50      0.60      0.70      0.80      0.90
-----------------------------------------------------------------------------------------------------------------------------

TREX-DA+BT: TLARS
  FDR                        0.1302    0.1197    0.1204    0.1174    0.1048    0.1253    0.1369    0.1117    0.1116    0.1287
  sd_FDR                     0.1502    0.1367    0.1560    0.1459    0.1453    0.1307    0.1694    0.1453    0.1500    0.1680
  TPR                        0.9080    0.9340    0.9190    0.9250    0.9150    0.9150    0.8850    0.8360    0.7870    0.6380
  sd_TPR                     0.2053    0.1542    0.1966    0.1695    0.1659    0.1634    0.1864    0.1931    0.1816    0.2298
  Avg L                      2.1200    1.9850    1.9550    1.9500    1.8500    1.7200    1.7400    1.7050    1.7050    1.8150
  Avg T                     13.3350   11.7450   11.5100   11.3450   10.8000    9.9950   11.1250   11.1750   11.9400   12.6550

TREX-DA+BT: TAFS
  FDR                        0.1296    0.1202    0.1082    0.1175    0.0867    0.1027    0.1217    0.1137    0.1224    0.1763
  sd_FDR                     0.1381    0.1279    0.1488    0.1358    0.1245    0.1225    0.1436    0.1423    0.1487    0.1897
  TPR                        0.9460    0.9560    0.9480    0.9640    0.9440    0.9630    0.9310    0.8920    0.8650    0.6960
  sd_TPR                     0.1674    0.1618    0.1656    0.1456    0.1503    0.0984    0.1800    0.1814    0.1578    0.2205
  Avg L                      1.9300    1.8700    1.8550    1.7700    1.7100    1.5050    1.5400    1.4400    1.6050    1.6450
  Avg T                      6.2550    6.8700    6.5700    6.4950    6.4350    6.3450    6.4650    6.3700    6.5550    6.5000

TREX-DA+BT: TOMP
  FDR                        0.1302    0.1111    0.1068    0.1090    0.1011    0.1129    0.1158    0.1031    0.1035    0.1655
  sd_FDR                     0.1400    0.1260    0.1358    0.1243    0.1228    0.1238    0.1275    0.1393    0.1427    0.1527
  TPR                        0.9580    0.9650    0.9590    0.9760    0.9660    0.9830    0.9550    0.9420    0.9210    0.7990
  sd_TPR                     0.1586    0.1321    0.1477    0.1072    0.1361    0.0771    0.1647    0.1481    0.1402    0.1949
  Avg L                      1.7800    1.8100    1.7650    1.6400    1.5400    1.3600    1.3750    1.2900    1.2650    1.4900
  Avg T                      7.4750    7.3550    7.3100    7.2150    7.1700    7.0900    6.9450    7.2500    7.1250    7.3500

