
==============================================================================
  DA-TRex MC: da_ht_blocks_plus_white_snr_s1_Gauss_Single  (MC=200)
  HT+white SNR sweep  n=150  p_total=500  M=5  Q=5  p_ar=25  s=5  rho=0.8
  nu=3  noise=s1_Gauss  linkage=Single
==============================================================================

  SNR                          0.10      0.20      0.50      0.60         1         2         5
-----------------------------------------------------------------------------------------------

TREX-DA+BT: TLARS
  FDR                        0.0200    0.0333    0.0762    0.0554    0.0581    0.0286    0.0164
  sd_FDR                     0.1404    0.1620    0.2253    0.1488    0.1548    0.0853    0.0629
  TPR                        0.0040    0.0220    0.1940    0.2730    0.5490    0.7570    0.8200
  sd_TPR                     0.0281    0.0659    0.2073    0.2170    0.2583    0.2337    0.1975
  Avg L                      1.3550    2.1500    3.3600    3.1550    2.4700    1.8550    1.7550
  Avg T                     13.0200   11.1700    8.7150    7.6900   13.0200   18.6350   27.3250

TREX-DA+BT: TAFS
  FDR                        0.0100    0.0458    0.0692    0.0767    0.0753    0.0548    0.0182
  sd_FDR                     0.0997    0.2039    0.1926    0.1707    0.1497    0.1151    0.0657
  TPR                        0.0040    0.0210    0.2210    0.2870    0.6400    0.8250    0.8250
  sd_TPR                     0.0281    0.0647    0.2316    0.2436    0.2771    0.2214    0.1770
  Avg L                      1.4200    2.1250    3.1900    3.1050    2.2300    1.7200    1.6350
  Avg T                      6.3950    5.8950    5.5300    5.2100    5.7200    6.6650    7.2950

TREX-DA+BT: TOMP
  FDR                        0.0225    0.0425    0.0916    0.0730    0.0816    0.0488    0.0244
  sd_FDR                     0.1444    0.1991    0.2249    0.1658    0.1544    0.1172    0.0646
  TPR                        0.0070    0.0210    0.2070    0.3070    0.6910    0.8810    0.9780
  sd_TPR                     0.0368    0.0615    0.2039    0.2438    0.2666    0.1986    0.0688
  Avg L                      1.4650    2.1300    3.3900    3.2450    2.0950    1.4500    1.3050
  Avg T                      7.3300    7.2650    6.7400    6.4550    6.6300    6.7750    7.0200

