
==============================================================================
  DA-TRex MC: da_ht_blocks_plus_white_tFDR_s2_Heavy_Single  (MC=200)
  HT+white tFDR sweep  n=150  p_total=500  M=5  Q=5  p_ar=25  s=5  rho=0.8
  SNR=2  nu=3  noise=s2_Heavy  linkage=Single
==============================================================================

  tFDR                         0.05      0.10      0.15      0.20      0.25      0.30      0.35      0.40      0.45      0.50
-----------------------------------------------------------------------------------------------------------------------------

TREX-DA+BT: TLARS
  FDR                        0.0263    0.0249    0.0438    0.0502    0.0549    0.0690    0.1405    0.1686    0.2453    0.2965
  sd_FDR                     0.1101    0.0793    0.1333    0.1181    0.1057    0.1084    0.1466    0.1437    0.1471    0.1464
  TPR                        0.6160    0.7290    0.7220    0.7750    0.7610    0.7880    0.7990    0.8260    0.8970    0.9350
  sd_TPR                     0.2759    0.2159    0.2328    0.2177    0.2257    0.2001    0.2419    0.2289    0.1815    0.1459
  Avg L                      6.2550    3.6400    2.3950    1.7950    1.3950    1.1000    1.0700    1.0200    1.0100    1.0000
  Avg T                     21.8250   24.4000   23.7700   17.3900   17.1300   14.1200   15.8900   16.6100   21.8700   27.5350

TREX-DA+BT: TAFS
  FDR                        0.0558    0.0522    0.0640    0.0891    0.0960    0.1231    0.1911    0.2336    0.2463    0.2955
  sd_FDR                     0.1211    0.1052    0.1354    0.1308    0.1324    0.1524    0.1659    0.1485    0.1516    0.1350
  TPR                        0.7760    0.8170    0.8050    0.8880    0.8450    0.8830    0.9000    0.9170    0.9490    0.9420
  sd_TPR                     0.2343    0.1921    0.2164    0.1661    0.1776    0.1632    0.1849    0.1740    0.1022    0.1091
  Avg L                      5.3650    2.9350    2.1650    1.5700    1.1450    1.0400    1.0400    1.0100    1.0050    1.0000
  Avg T                      6.3350    6.6500    6.9550    6.4450    6.4900    6.7150    7.2950    7.8600    8.0950    8.3400

TREX-DA+BT: TOMP
  FDR                        0.0690    0.0640    0.0777    0.0954    0.0987    0.1338    0.1893    0.2004    0.1983    0.2116
  sd_FDR                     0.1208    0.1037    0.1187    0.1261    0.1229    0.1334    0.1565    0.1528    0.1424    0.1483
  TPR                        0.8960    0.9170    0.9220    0.9400    0.9430    0.9450    0.9360    0.9320    0.9470    0.9520
  sd_TPR                     0.2064    0.1774    0.1813    0.1460    0.1423    0.1344    0.1722    0.1493    0.1089    0.0987
  Avg L                      4.7650    2.5200    2.1400    1.3150    1.0600    1.0300    1.0400    1.0300    1.0000    1.0000
  Avg T                      7.2500    7.1550    7.3750    6.8050    7.0650    7.3850    7.8200    8.1550    8.0750    8.0950

