
==============================================================================
  DA-TRex MC: da_ht_blocks_plus_white_M_s1_Gauss_Single  (MC=200)
  HT+white M sweep  n=150  p_total=500  Q=5  rho=0.8  SNR=2  nu=3
  p_ar=M*Q and s=M vary  noise=s1_Gauss  linkage=Single
==============================================================================

  M                            1.00      3.00      5.00     10.00     15.00     20.00     30.00
-----------------------------------------------------------------------------------------------

TREX-DA+BT: TLARS
  FDR                        0.0250    0.0154    0.0284    0.1037    0.1310    0.1860    0.1142
  sd_FDR                     0.1302    0.0694    0.0739    0.1685    0.2029    0.2866    0.2366
  TPR                        0.8150    0.7933    0.7630    0.3585    0.1697    0.0727    0.0295
  sd_TPR                     0.3893    0.2622    0.2390    0.2008    0.1350    0.0853    0.0452
  Avg L                      4.3000    2.1750    1.9250    2.4800    3.0050    2.8950    3.0200
  Avg T                     39.5900   27.0300   23.7850    7.5750    6.1250    4.9750    5.3800

TREX-DA+BT: TAFS
  FDR                        0.0250    0.0141    0.0355    0.1037    0.1084    0.1410    0.1040
  sd_FDR                     0.1565    0.0705    0.0872    0.1565    0.2065    0.2768    0.2590
  TPR                        0.0000    0.6500    0.8680    0.4735    0.1580    0.0578    0.0198
  sd_TPR                     0.0000    0.2285    0.1875    0.2380    0.1317    0.0691    0.0341
  Avg L                      1.0650    2.0900    1.7350    2.3300    2.8950    2.9800    3.1300
  Avg T                      7.3500    7.4600    7.0300    6.5500    6.1050    5.2900    4.9600

TREX-DA+BT: TOMP
  FDR                        0.0125    0.0121    0.0290    0.0963    0.0968    0.1547    0.1013
  sd_FDR                     0.0783    0.0563    0.0742    0.1637    0.1931    0.3053    0.2718
  TPR                        0.9950    0.9783    0.9090    0.4400    0.1247    0.0493    0.0163
  sd_TPR                     0.0707    0.0950    0.1563    0.2490    0.1172    0.0568    0.0259
  Avg L                      4.9250    2.1450    1.5250    2.0750    2.8950    3.0500    3.1050
  Avg T                      7.9150    7.8850    6.9750    6.6950    6.4150    6.5550    6.6400

