
==============================================================================
  DA-TRex MC: da_ht_blocks_plus_white_rho_s2_Heavy_Single  (MC=200)
  HT+white rho sweep  n=150  p_total=500  M=5  Q=5  s=5  SNR=2  nu=3
  noise=s2_Heavy  linkage=Single
==============================================================================

Solver             Metric    Rho         0      0.10      0.20      0.30      0.40      0.50      0.60      0.70      0.80      0.90
------------------------------------------------------------------------------------------------------------------------------------
TREX-DA+BT: TLARS  FDR              0.0498    0.0598    0.0636    0.0475    0.0337    0.0498    0.0395    0.0452    0.0453    0.0915
                   sd_FDR           0.1238    0.1257    0.1565    0.1242    0.0807    0.0951    0.0891    0.0979    0.0947    0.1524
                   TPR              0.5660    0.5840    0.6450    0.7080    0.8140    0.8510    0.8470    0.8140    0.7770    0.6360
                   sd_TPR           0.2600    0.2685    0.2810    0.2582    0.2201    0.2064    0.2372    0.2246    0.2007    0.2345
                   Avg L            2.1350    2.1050    2.0700    2.0900    1.8800    1.8350    1.8150    1.8750    1.8350    1.8850
                   Avg T           22.7150   21.6000   22.4850   18.6350   18.0200   17.6150   21.5950   20.2800   18.2000   20.6050

TREX-DA+BT: TAFS   FDR              0.0675    0.0759    0.0627    0.0670    0.0448    0.0485    0.0481    0.0612    0.0626    0.1403
                   sd_FDR           0.1229    0.1358    0.1435    0.1242    0.0969    0.0857    0.0932    0.1187    0.1117    0.1780
                   TPR              0.5910    0.6140    0.6890    0.7550    0.8440    0.9100    0.9100    0.8840    0.8610    0.7000
                   sd_TPR           0.2601    0.2782    0.2747    0.2484    0.2243    0.1846    0.1952    0.1999    0.1668    0.2338
                   Avg L            2.0150    1.9500    1.9750    1.9100    1.7800    1.6200    1.6000    1.6100    1.6900    1.7650
                   Avg T            6.8100    7.0850    6.8100    6.7200    6.4550    6.7500    6.6000    6.4950    6.8500    6.8400

TREX-DA+BT: TOMP   FDR              0.1017    0.0806    0.0732    0.0637    0.0697    0.0581    0.0662    0.0751    0.0767    0.1308
                   sd_FDR           0.1645    0.1365    0.1370    0.1189    0.1108    0.0913    0.0972    0.1230    0.1365    0.1513
                   TPR              0.6130    0.6460    0.7010    0.7910    0.8780    0.9390    0.9420    0.9370    0.9150    0.7930
                   sd_TPR           0.2615    0.2695    0.2778    0.2315    0.2043    0.1556    0.1855    0.1548    0.1533    0.1979
                   Avg L            1.9400    1.9200    1.9200    1.8000    1.6550    1.4050    1.4600    1.3850    1.4200    1.6150
                   Avg T            7.2000    7.6250    7.4950    7.5500    7.0650    6.6600    6.9200    6.7600    6.6300    7.2850

==============================================================================

