
==============================================================================
  DA-TRex MC: da_ht_blocks_plus_white_snr_s2_Heavy_Average  (MC=200)
  HT+white SNR sweep  n=150  p_total=500  M=5  Q=5  p_ar=25  s=5  rho=0.8
  nu=3  noise=s2_Heavy  linkage=Average
==============================================================================

  SNR                          0.10      0.20      0.50      0.60      1.00      2.00      5.00
-----------------------------------------------------------------------------------------------

TREX-DA+BT: TLARS
  FDR                        0.1458    0.1675    0.1862    0.1683    0.1160    0.1217    0.1025
  sd_FDR                     0.3469    0.3534    0.2932    0.2573    0.1811    0.1586    0.1551
  TPR                        0.0070    0.0460    0.2940    0.3690    0.6050    0.7770    0.7940
  sd_TPR                     0.0368    0.0997    0.2575    0.2720    0.2874    0.2066    0.2112
  Avg L                      2.1000    2.6600    2.9450    2.8950    2.3650    1.7450    1.4150
  Avg T                      8.0350    8.5600    9.8650    7.9100   10.8000   10.5950   12.3100

TREX-DA+BT: TAFS
  FDR                        0.1383    0.1817    0.1677    0.1574    0.1150    0.1279    0.1114
  sd_FDR                     0.3371    0.3608    0.2802    0.2441    0.1714    0.1548    0.1543
  TPR                        0.0120    0.0470    0.3260    0.4180    0.7150    0.8520    0.8110
  sd_TPR                     0.0476    0.1079    0.2873    0.3088    0.2909    0.1774    0.1594
  Avg L                      2.2200    2.8000    2.9650    2.8300    1.9600    1.4850    1.4050
  Avg T                      5.6100    5.7400    5.5600    5.8750    6.0650    6.4600    6.5250

TREX-DA+BT: TOMP
  FDR                        0.1350    0.1692    0.1746    0.1985    0.1256    0.1250    0.1114
  sd_FDR                     0.3352    0.3554    0.2876    0.2863    0.1753    0.1378    0.1399
  TPR                        0.0130    0.0450    0.3190    0.4130    0.7400    0.9080    0.9600
  sd_TPR                     0.0533    0.1050    0.2961    0.3074    0.2899    0.1564    0.1252
  Avg L                      2.1900    2.8350    3.0450    2.7250    1.8950    1.2950    1.1150
  Avg T                      7.2500    6.8400    6.2700    6.4750    6.8750    7.0800    6.9150

