
==============================================================================
  DA-TRex MC: da_ht_blocks_plus_white_Q_s1_Gauss_Average  (MC=200)
  HT+white Q sweep  n=150  p_total=500  M=5  s=5  rho=0.8  SNR=2  nu=3
  p_ar=M*Q varies  noise=s1_Gauss  linkage=Average
==============================================================================

  Q                               5        10        15        20        25        30        35        40        45        50
-----------------------------------------------------------------------------------------------------------------------------

TREX-DA+BT: TLARS
  FDR                        0.0769    0.1068    0.1258    0.1335    0.1119    0.1184    0.1388    0.1218    0.1495    0.1591
  sd_FDR                     0.1294    0.1423    0.1806    0.1777    0.1583    0.1551    0.1872    0.1584    0.1693    0.1729
  TPR                        0.7120    0.7830    0.7480    0.7640    0.7720    0.7900    0.7860    0.7600    0.7530    0.7690
  sd_TPR                     0.2395    0.1942    0.2244    0.2203    0.2178    0.2032    0.2460    0.2251    0.2286    0.2123
  Avg L                      1.8950    1.8400    1.8750    1.8450    1.8500    1.7800    1.7600    1.7650    1.8350    1.8500
  Avg T                     13.9100   14.3800   18.3450   17.3150   23.0100   27.6200   21.4350   20.6450   19.1300   21.2100

TREX-DA+BT: TAFS
  FDR                        0.0806    0.0660    0.0835    0.0716    0.0846    0.0761    0.0746    0.0726    0.0849    0.0803
  sd_FDR                     0.1211    0.1104    0.1298    0.1162    0.1311    0.1219    0.1322    0.1081    0.1225    0.1154
  TPR                        0.8310    0.8620    0.8380    0.8650    0.8540    0.8920    0.8660    0.8430    0.8650    0.8470
  sd_TPR                     0.2104    0.1741    0.2009    0.1984    0.2185    0.1589    0.2094    0.2082    0.1848    0.2159
  Avg L                      1.6350    1.7150    1.6700    1.6750    1.6850    1.6550    1.7100    1.8500    1.8350    1.8850
  Avg T                      6.8800    6.9800    7.0600    7.0450    7.0300    7.2800    6.8400    6.9350    6.7700    7.0800

TREX-DA+BT: TOMP
  FDR                        0.0579    0.0574    0.0647    0.0394    0.0490    0.0498    0.0468    0.0363    0.0410    0.0466
  sd_FDR                     0.1119    0.1176    0.1018    0.0845    0.0988    0.0965    0.1013    0.0835    0.0888    0.0920
  TPR                        0.8940    0.9180    0.9020    0.9090    0.9030    0.9170    0.9110    0.9030    0.9270    0.9280
  sd_TPR                     0.1735    0.1448    0.1446    0.1550    0.1566    0.1436    0.1779    0.1604    0.1406    0.1446
  Avg L                      1.3950    1.3350    1.4600    1.3800    1.4250    1.3450    1.4450    1.7300    1.8150    1.8500
  Avg T                      7.3850    7.0900    7.3750    7.3800    7.2050    7.5850    7.6950    7.7250    7.8250    7.7150

