
==============================================================================
  T-Rex+GVS MC 2D Grid: Mixed-Blocks  (MC=200, tFDR=0.1, n=200, p=500)
==============================================================================

  mean_TPP [TENET]
  ---------------------------------------------------------------------------------
    snr \ rho       0.3       0.5       0.7      0.85       0.9      0.95      0.99
  ---------------------------------------------------------------------------------
          0.2    0.3308    0.5850    0.7125    0.7629    0.7728    0.7819    0.7841
          0.5    0.6947    0.8256    0.8773    0.8949    0.8977    0.8994    0.8984
            1    0.8138    0.8898    0.9155    0.9231    0.9240    0.9249    0.9246
            2    0.8669    0.9143    0.9308    0.9381    0.9404    0.9411    0.9414
            5    0.8941    0.9270    0.9442    0.9546    0.9570    0.9555    0.9556



  mean_FDP [TENET]
  ---------------------------------------------------------------------------------
    snr \ rho       0.3       0.5       0.7      0.85       0.9      0.95      0.99
  ---------------------------------------------------------------------------------
          0.2    0.0521    0.0642    0.0707    0.0694    0.0684    0.0652    0.0703
          0.5    0.0724    0.0775    0.0760    0.0700    0.0674    0.0653    0.0660
            1    0.0795    0.0793    0.0762    0.0674    0.0628    0.0617    0.0588
            2    0.0822    0.0800    0.0730    0.0680    0.0670    0.0637    0.0624
            5    0.0806    0.0774    0.0750    0.0731    0.0696    0.0681    0.0604



  mean_TPP [TENET_AUG]
  ---------------------------------------------------------------------------------
    snr \ rho       0.3       0.5       0.7      0.85       0.9      0.95      0.99
  ---------------------------------------------------------------------------------
          0.2    0.3308    0.5850    0.7125    0.7629    0.7728    0.7819    0.7841
          0.5    0.6947    0.8256    0.8773    0.8949    0.8977    0.8994    0.8984
            1    0.8138    0.8898    0.9155    0.9231    0.9240    0.9249    0.9246
            2    0.8669    0.9143    0.9308    0.9381    0.9404    0.9411    0.9414
            5    0.8941    0.9270    0.9442    0.9546    0.9570    0.9555    0.9556



  mean_FDP [TENET_AUG]
  ---------------------------------------------------------------------------------
    snr \ rho       0.3       0.5       0.7      0.85       0.9      0.95      0.99
  ---------------------------------------------------------------------------------
          0.2    0.0521    0.0642    0.0707    0.0694    0.0684    0.0652    0.0703
          0.5    0.0724    0.0775    0.0760    0.0700    0.0674    0.0653    0.0660
            1    0.0795    0.0793    0.0762    0.0674    0.0628    0.0617    0.0588
            2    0.0822    0.0800    0.0730    0.0680    0.0670    0.0637    0.0624
            5    0.0806    0.0774    0.0750    0.0731    0.0696    0.0681    0.0604



  mean_TPP [TIENET_AUG]
  ---------------------------------------------------------------------------------
    snr \ rho       0.3       0.5       0.7      0.85       0.9      0.95      0.99
  ---------------------------------------------------------------------------------
          0.2    0.1759    0.3775    0.5442    0.6173    0.6294    0.6392    0.0068
          0.5    0.4600    0.6542    0.7306    0.7510    0.7522    0.7521    0.0073
            1    0.6223    0.7428    0.7869    0.8004    0.7985    0.8009    0.0073
            2    0.7051    0.7847    0.8248    0.8398    0.8409    0.8395    0.0072
            5    0.7525    0.8205    0.8515    0.8657    0.8655    0.8607    0.0071



  mean_FDP [TIENET_AUG]
  ---------------------------------------------------------------------------------
    snr \ rho       0.3       0.5       0.7      0.85       0.9      0.95      0.99
  ---------------------------------------------------------------------------------
          0.2    0.0171    0.0111    0.0116    0.0160    0.0177    0.0200    0.0000
          0.5    0.0072    0.0077    0.0095    0.0114    0.0127    0.0135    0.0000
            1    0.0042    0.0054    0.0074    0.0098    0.0088    0.0105    0.0000
            2    0.0031    0.0035    0.0051    0.0060    0.0057    0.0068    0.0000
            5    0.0013    0.0020    0.0027    0.0029    0.0023    0.0025    0.0000
