High-dimensional (p > n)
Generating synthetic data (in-memory)...
Creating T-Rex Selector instance...
Executing T-Rex Selector...
Selected indices: 4 27 149 398 420 
False Discovery Proportion (FDP): 0.0000
True Positive Proportion (TPP):   1.0000

Adjusted Relative Occurrences (Phi_prime): 6 of 5000 entries nonzero
  [4] 0.908357          [27] 0.908357         [149] 0.908357        [398] 0.908357        [420] 0.908357      
  [4188] 0.327688     

Phi Matrix (Phi): 5 x 5000, 42 of 25000 entries nonzero
  row 0:  [4] 1.0000  [27] 1.0000  [149] 1.0000  [398] 1.0000  [420] 1.0000  [4188] 0.4000  [4290] 0.0500
  row 1:  [4] 1.0000  [27] 1.0000  [149] 1.0000  [398] 1.0000  [420] 1.0000  [4188] 0.8000  [4290] 0.2500
  row 2:  [4] 1.0000  [27] 1.0000  [149] 1.0000  [398] 1.0000  [420] 1.0000  [3381] 0.1000  [4188] 0.9500  [4290] 0.6500
  row 3:  [4] 1.0000  [27] 1.0000  [149] 1.0000  [398] 1.0000  [420] 1.0000  [3381] 0.2000  [4188] 0.9500  [4290] 0.8000
  row 4:  [4] 1.0000  [27] 1.0000  [149] 1.0000  [398] 1.0000  [420] 1.0000  [1025] 0.1000  [1249] 0.0500  [2860] 0.0500  [3381] 0.3500  [4188] 1.0000  [4214] 0.0500  [4290] 0.9000

Estimated FDP Matrix (FDP_hat):
 0.099891  0.099891  0.099891  0.099891  0.099891  0.099891  0.099891  0.099891  0.099891  0.099891  0.099891
 0.199817  0.199817  0.199817  0.199817  0.199817  0.199817  0.199817 0.0924917 0.0924917 0.0924917 0.0924917
  0.27119   0.27119   0.27119  0.169007  0.169007  0.169007  0.169007  0.169007  0.169007  0.169007 0.0916431
 0.287721  0.287721  0.287721  0.287721  0.287721  0.287721  0.287721  0.169007  0.169007  0.169007 0.0916431
 0.304361  0.304361  0.304361  0.304361  0.304361  0.304361  0.304361  0.304361  0.304361  0.188421  0.188421

R Matrix (R):
5 5 5 5 5 5 5 5 5 5 5
6 6 6 6 6 6 6 5 5 5 5
7 7 7 6 6 6 6 6 6 6 5
7 7 7 7 7 7 7 6 6 6 5

Voting Grid:
 0.5 0.55  0.6 0.65  0.7 0.75  0.8 0.85  0.9 0.95    1


