
======================================================================
=== Screen-TRex Results (averaged over 10 Monte Carlo runs) ===
======================================================================

Method                         Metric    rho             0.10      0.20      0.30      0.40      0.50      0.60      0.70      0.80      0.90
---------------------------------------------------------------------------------------------------------------------------------------------
Screen-TRex Ordinary           FDR                     0.7065    0.7710    0.8704    0.8463    0.8975    0.9001    0.9146    0.9201    0.9463
                               TPR                     0.8600    0.8000    0.5100    0.5300    0.3200    0.2800    0.2200    0.1500    0.0800
                               Est. FDR                0.0342    0.0288    0.0259    0.0287    0.0314    0.0356    0.0414    0.0548    0.0716

Screen-TRex Bootstrap          FDR                     0.5483    0.6217    0.7828    0.8442    0.8948    0.8070    0.9128    0.9097    0.9457
                               TPR                     0.7000    0.6300    0.4500    0.5200    0.3100    0.2600    0.2100    0.1500    0.0800
                               Est. FDR                0.0285    0.0226    0.0238    0.0296    0.0329    0.0321    0.0451    0.0590    0.0728

Screen-TRex Ord+DA-EQUI        FDR                     0.6054    0.7021    0.8484    0.8269    0.8926    0.8973    0.9076    0.9147    0.9448
                               TPR                     0.7900    0.7000    0.4900    0.5300    0.3200    0.2700    0.2200    0.1500    0.0800
                               Est. FDR                0.0504    0.0431    0.0312    0.0322    0.0330    0.0379    0.0446    0.0571    0.0739

Screen-TRex Boot+DA-EQUI       FDR                     0.0000    0.1454    0.4338    0.6695    0.8062    0.8965    0.9079    0.9140    0.9448
                               TPR                     0.0000    0.1700    0.2100    0.4200    0.2700    0.2800    0.2100    0.1500    0.0800
                               Est. FDR                0.0000    0.0064    0.0160    0.0244    0.0301    0.0369    0.0463    0.0576    0.0739

