
==============================================================================
  DA-TRex MC: da_ar1_snr_random  (MC=200)
  AR(1) rho=0.7, n=300, p=1000, support=Random (redrawn per trial)
==============================================================================

  SNR                          0.10      0.20      0.50      1.00      2.00      5.00
-------------------------------------------------------------------------------------

TREX-DA+AR1: TLARS
  FDR                        0.0450    0.0741    0.1501    0.0593    0.0478    0.0478
  sd_FDR                     0.1954    0.2367    0.2302    0.1084    0.0813    0.0746
  TPR                        0.0075    0.0245    0.1845    0.4685    0.6380    0.6900
  sd_TPR                     0.0282    0.0622    0.1550    0.2075    0.1943    0.1892
  Avg L                      1.7100    2.3350    2.8750    1.6850    1.0550    1.0100
  Avg T                      7.2250    6.2400    4.7900    6.6350    5.8200    7.8300

TREX-DA+AR1: TAFS
  FDR                        0.0225    0.0700    0.1574    0.0677    0.0624    0.0526
  sd_FDR                     0.1354    0.2359    0.2354    0.1104    0.0746    0.0665
  TPR                        0.0085    0.0235    0.2240    0.6055    0.7905    0.7625
  sd_TPR                     0.0329    0.0558    0.1678    0.2341    0.1792    0.1778
  Avg L                      1.6950    2.5850    2.8700    1.3100    1.0050    1.0000
  Avg T                      5.3600    4.5400    5.6400    5.1650    6.6950    6.7700

TREX-DA+AR1: TOMP
  FDR                        0.0375    0.0592    0.1565    0.0599    0.0542    0.0437
  sd_FDR                     0.1803    0.2266    0.2544    0.1011    0.0687    0.0629
  TPR                        0.0070    0.0255    0.2000    0.6370    0.8150    0.8560
  sd_TPR                     0.0275    0.0576    0.1591    0.2384    0.1790    0.1730
  Avg L                      1.8250    2.5300    2.7200    1.4500    1.0000    1.0000
  Avg T                      6.7250    6.3000    6.2050    5.7850    7.3450    7.5350

TREX: TLARS
  FDR                        0.0849    0.1442    0.3195    0.2876    0.3102    0.3005
  sd_FDR                     0.2532    0.2818    0.2024    0.1392    0.1284    0.1200
  TPR                        0.0110    0.0610    0.4330    0.8575    0.9960    1.0000
  sd_TPR                     0.0344    0.0945    0.1983    0.1262    0.0196    0.0000
  Avg L                      2.5600    3.3850    2.4250    1.0650    1.0100    1.0000
  Avg T                      5.7300    5.9500    6.7300    6.1250    7.9400    8.7200

TREX: TAFS
  FDR                        0.0600    0.0938    0.1831    0.1216    0.1395    0.1856
  sd_FDR                     0.2273    0.2584    0.1958    0.1131    0.0671    0.0575
  TPR                        0.0090    0.0390    0.3235    0.8025    0.9765    0.9995
  sd_TPR                     0.0320    0.0749    0.1838    0.1605    0.0540    0.0071
  Avg L                      2.5400    3.3900    2.7350    1.0950    1.0000    1.0000
  Avg T                      5.6450    5.5100    6.9250    6.6650    8.6350    9.0700

TREX: TOMP
  FDR                        0.0658    0.0947    0.1783    0.1075    0.1059    0.1037
  sd_FDR                     0.2333    0.2726    0.2244    0.0952    0.0740    0.0589
  TPR                        0.0095    0.0340    0.2770    0.7920    0.9715    0.9985
  sd_TPR                     0.0326    0.0683    0.1837    0.1755    0.0562    0.0122
  Avg L                      2.4500    3.4550    2.8000    1.1100    1.0000    1.0000
  Avg T                      7.1100    7.1000    7.0200    7.2550    8.4150    8.5700

