
==============================================================================
  DA-TRex MC: da_ar1_snr_capped  (MC=200)
  AR(1) rho=0.7, n=300, p=1000, support=CappedSpread(max_gap=20)
==============================================================================

  SNR                          0.10      0.20      0.50      1.00      2.00      5.00
-------------------------------------------------------------------------------------

TREX-DA+AR1: TLARS
  FDR                        0.0225    0.0292    0.1006    0.0652    0.0631    0.0701
  sd_FDR                     0.1444    0.1451    0.1811    0.0954    0.0794    0.0654
  TPR                        0.0050    0.0120    0.2390    0.5700    0.8135    0.8570
  sd_TPR                     0.0218    0.0355    0.1744    0.1716    0.1427    0.1376
  Avg L                      1.4600    2.2700    2.9750    1.5050    1.0250    1.0050
  Avg T                      4.8550    3.7950    5.4500    4.3600    7.0250    9.1200

TREX-DA+AR1: TAFS
  FDR                        0.0350    0.0475    0.1072    0.0800    0.0852    0.0798
  sd_FDR                     0.1773    0.1856    0.1986    0.0988    0.0620    0.0545
  TPR                        0.0040    0.0160    0.2655    0.7575    0.9515    0.9565
  sd_TPR                     0.0196    0.0394    0.1869    0.1861    0.0694    0.0654
  Avg L                      1.4850    2.4350    2.7800    1.2150    1.0000    1.0000
  Avg T                      5.3850    4.8300    5.5600    5.4400    7.3050    7.4000

TREX-DA+AR1: TOMP
  FDR                        0.0225    0.0517    0.1014    0.0858    0.0803    0.0630
  sd_FDR                     0.1444    0.2136    0.1972    0.1131    0.0672    0.0509
  TPR                        0.0045    0.0135    0.2465    0.7780    0.9670    0.9950
  sd_TPR                     0.0208    0.0371    0.1936    0.1924    0.0594    0.0260
  Avg L                      1.5250    2.5800    2.6700    1.1700    1.0000    1.0000
  Avg T                      6.7550    6.2550    6.0150    6.2800    7.6900    7.8750

TREX: TLARS
  FDR                        0.0517    0.1184    0.2946    0.2757    0.2936    0.2884
  sd_FDR                     0.2006    0.2637    0.2018    0.1348    0.1182    0.1161
  TPR                        0.0085    0.0420    0.4470    0.8470    0.9955    1.0000
  sd_TPR                     0.0329    0.0718    0.1936    0.1367    0.0208    0.0000
  Avg L                      2.0500    3.3150    2.6750    1.1150    1.0000    1.0000
  Avg T                      4.2200    4.9500    7.8900    6.6250    7.8950    8.4700

TREX: TAFS
  FDR                        0.0417    0.0817    0.1644    0.1190    0.1434    0.1906
  sd_FDR                     0.1844    0.2415    0.2091    0.1038    0.0691    0.0569
  TPR                        0.0075    0.0270    0.3325    0.8160    0.9805    1.0000
  sd_TPR                     0.0300    0.0546    0.1995    0.1542    0.0422    0.0000
  Avg L                      2.0750    3.5450    2.6950    1.1150    1.0000    1.0000
  Avg T                      5.7600    5.5850    6.9300    6.8200    8.9250    8.9850

TREX: TOMP
  FDR                        0.0250    0.0717    0.1365    0.1114    0.1128    0.0993
  sd_FDR                     0.1395    0.2366    0.2016    0.1067    0.0698    0.0551
  TPR                        0.0055    0.0265    0.2975    0.8355    0.9795    1.0000
  sd_TPR                     0.0229    0.0516    0.2053    0.1510    0.0429    0.0000
  Avg L                      2.0800    3.3350    2.8150    1.1050    1.0000    1.0000
  Avg T                      7.5450    7.1600    7.6050    7.3450    8.5700    8.4850

