
==============================================================================
  DA-TRex MC: da_ar1_rho_capped  (MC=200)
  AR(1) SNR=2.000000, n=300, p=1000, support=CappedSpread(max_gap=20)
==============================================================================

Solver          Metric    Rho         0      0.10      0.20      0.30      0.40      0.50      0.60      0.70      0.80      0.90
---------------------------------------------------------------------------------------------------------------------------------
TREX-DA: TLARS  FDR              0.0883    0.0869    0.0838    0.0819    0.0844    0.0672    0.0594    0.0447    0.0471    0.1650
                sd_FDR           0.0803    0.0807    0.0708    0.0737    0.0757    0.0683    0.0694    0.0657    0.0907    0.3721
                TPR              0.9870    0.9880    0.9810    0.9740    0.9610    0.9360    0.8965    0.8085    0.5580    0.0000
                sd_TPR           0.0366    0.0341    0.0495    0.0578    0.0788    0.1013    0.1213    0.1653    0.1963    0.0000
                Avg L            1.0050    1.0050    1.0000    1.0000    1.0200    1.0100    1.0150    1.0300    1.1650    1.0400
                Avg T            5.6700    5.7850    5.4900    5.4350    5.9100    5.1600    4.8000    4.8600    7.5700   34.7700

TREX: TLARS     FDR              0.1320    0.1383    0.1357    0.1534    0.1771    0.1795    0.2124    0.2868    0.3897    0.6103
                sd_FDR           0.0913    0.0932    0.0953    0.0984    0.1008    0.1058    0.1179    0.1166    0.1164    0.0897
                TPR              0.9960    0.9960    0.9965    0.9975    0.9985    0.9990    0.9990    0.9975    0.9950    0.9315
                sd_TPR           0.0196    0.0196    0.0210    0.0186    0.0122    0.0100    0.0100    0.0186    0.0218    0.0818
                Avg L            1.0000    1.0050    1.0050    1.0000    1.0000    1.0000    1.0000    1.0000    1.0000    1.0000
                Avg T            5.4100    5.6350    5.7100    5.3500    5.6450    5.7150    5.5700    6.0300    7.1600   19.2000

==============================================================================

