
==============================================================================
  DA-TRex MC: da_ar1_rho_random  (MC=200)
  AR(1) SNR=2, n=300, p=1000, support=Random (redrawn per trial)
==============================================================================

  Rho                          0.00      0.10      0.20      0.30      0.40      0.50      0.60      0.70      0.80
-------------------------------------------------------------------------------------------------------------------

TREX-DA+AR1: TLARS
  FDR                        0.0908    0.0940    0.0677    0.0646    0.0735    0.0599    0.0525    0.0489    0.0529
  sd_FDR                     0.0800    0.0883    0.0766    0.0742    0.0802    0.0779    0.0734    0.0848    0.1172
  TPR                        0.9715    0.9665    0.9410    0.9105    0.8895    0.8445    0.7725    0.6220    0.4655
  sd_TPR                     0.0675    0.0739    0.1099    0.1250    0.1454    0.1506    0.1975    0.1980    0.1798
  Avg L                      1.0150    1.0100    1.0250    1.0050    1.0150    1.0150    1.0300    1.0850    1.1300
  Avg T                      5.4900    5.5400    5.1550    4.6800    4.8600    4.6000    4.5550    5.9650   14.2550

TREX-DA+AR1: TAFS
  FDR                        0.0951    0.0982    0.0926    0.0905    0.0907    0.0788    0.0760    0.0632    0.0651
  sd_FDR                     0.0644    0.0669    0.0685    0.0726    0.0723    0.0716    0.0721    0.0789    0.0930
  TPR                        0.9945    0.9845    0.9780    0.9565    0.9340    0.9245    0.8750    0.7865    0.6550
  sd_TPR                     0.0335    0.0531    0.0771    0.0883    0.1289    0.1234    0.1759    0.1867    0.2027
  Avg L                      1.0000    1.0000    1.0000    1.0050    1.0000    1.0000    1.0000    1.0050    1.0700
  Avg T                      8.3700    8.0650    7.6300    7.4500    7.1050    6.8400    6.9650    6.6100    6.9100

TREX-DA+AR1: TOMP
  FDR                        0.0849    0.0826    0.0813    0.0787    0.0727    0.0631    0.0629    0.0645    0.0662
  sd_FDR                     0.0644    0.0598    0.0602    0.0680    0.0652    0.0639    0.0695    0.0740    0.0890
  TPR                        0.9950    0.9875    0.9755    0.9670    0.9505    0.9435    0.8910    0.8030    0.6815
  sd_TPR                     0.0329    0.0501    0.0767    0.0815    0.1228    0.1141    0.1696    0.1796    0.2030
  Avg L                      1.0000    1.0000    1.0050    1.0000    1.0000    1.0050    1.0000    1.0000    1.0500
  Avg T                      8.0900    8.0500    7.8350    7.6750    7.7250    7.4900    7.6350    7.3300    7.5650

TREX: TLARS
  FDR                        0.1431    0.1436    0.1386    0.1431    0.1715    0.1868    0.2385    0.3123    0.3970
  sd_FDR                     0.0958    0.0925    0.0917    0.0908    0.1113    0.1134    0.1187    0.1188    0.1187
  TPR                        0.9970    0.9965    0.9990    0.9990    0.9980    0.9975    0.9965    0.9960    0.9915
  sd_TPR                     0.0198    0.0184    0.0100    0.0100    0.0140    0.0157    0.0210    0.0196    0.0297
  Avg L                      1.0000    1.0000    1.0000    1.0000    1.0050    1.0000    1.0000    1.0000    1.0000
  Avg T                      6.3950    6.7000    6.5700    6.6450    6.4600    6.6500    7.0200    8.0800    9.8300

TREX: TAFS
  FDR                        0.1376    0.1351    0.1361    0.1345    0.1376    0.1367    0.1342    0.1418    0.1497
  sd_FDR                     0.0697    0.0700    0.0669    0.0653    0.0645    0.0653    0.0674    0.0698    0.0953
  TPR                        1.0000    1.0000    1.0000    1.0000    1.0000    1.0000    0.9955    0.9675    0.9020
  sd_TPR                     0.0000    0.0000    0.0000    0.0000    0.0000    0.0000    0.0231    0.0601    0.0956
  Avg L                      1.0000    1.0000    1.0000    1.0000    1.0000    1.0000    1.0000    1.0000    1.0000
  Avg T                      9.1650    9.4100    9.1400    8.9600    9.1600    9.3250    9.2050    8.8300    8.0450

TREX: TOMP
  FDR                        0.1173    0.1134    0.1171    0.1215    0.1158    0.1083    0.1076    0.1114    0.1208
  sd_FDR                     0.0649    0.0624    0.0587    0.0676    0.0630    0.0591    0.0645    0.0624    0.0877
  TPR                        1.0000    1.0000    1.0000    1.0000    1.0000    0.9995    0.9925    0.9655    0.8895
  sd_TPR                     0.0000    0.0000    0.0000    0.0000    0.0000    0.0071    0.0300    0.0639    0.1058
  Avg L                      1.0000    1.0000    1.0000    1.0000    1.0000    1.0000    1.0000    1.0000    1.0000
  Avg T                      8.8250    8.7800    8.7050    8.7350    8.7600    8.5600    8.4550    8.5400    8.0400

  Rho                          0.90
-----------------------------------

TREX-DA+AR1: TLARS  (continued)
  FDR                        0.1397
  sd_FDR                     0.2827
  TPR                        0.1880
  sd_TPR                     0.1451
  Avg L                      1.3200
  Avg T                     51.8950

TREX-DA+AR1: TAFS  (continued)
  FDR                        0.1740
  sd_FDR                     0.2336
  TPR                        0.3090
  sd_TPR                     0.1737
  Avg L                      1.5500
  Avg T                      7.1450

TREX-DA+AR1: TOMP  (continued)
  FDR                        0.1522
  sd_FDR                     0.2233
  TPR                        0.3245
  sd_TPR                     0.1874
  Avg L                      1.5100
  Avg T                      7.5700

TREX: TLARS  (continued)
  FDR                        0.5587
  sd_FDR                     0.1036
  TPR                        0.9385
  sd_TPR                     0.0755
  Avg L                      1.0000
  Avg T                     27.8100

TREX: TAFS  (continued)
  FDR                        0.2780
  sd_FDR                     0.1554
  TPR                        0.6410
  sd_TPR                     0.1852
  Avg L                      1.0700
  Avg T                      7.2100

TREX: TOMP  (continued)
  FDR                        0.2333
  sd_FDR                     0.1564
  TPR                        0.6410
  sd_TPR                     0.1754
  Avg L                      1.1200
  Avg T                      7.4750

