
==============================================================================
  DA-TRex MC: da_ar1_gap_rho  (MC=200)
  n=300, p=1000, s=10, SNR=2, tFDR=0.2, amplitude=3
==============================================================================

  DA+AR1 correction window: kappa = ceil(log(0.02) / log(rho))

  rho          0.0   0.1   0.2   0.3   0.4   0.5   0.6   0.7   0.8   0.9
  kappa          0     2     3     4     5     6     8    11    18    38

------------------------------------------------------------------------------
  Solver: TREX-DA+AR1: TLARS
------------------------------------------------------------------------------

  mean_TPP
            gap=100   gap=50   gap=20   gap=15   gap=10    gap=5    gap=1   Random
  ----------------------------------------------------------------------------------
  rho=0.0      0.9945   0.9915   0.9870   0.9910   0.9915   0.9840   0.0005   0.9710
  rho=0.1      0.9905   0.9890   0.9830   0.9895   0.9865   0.9825   0.0000   0.9535
  rho=0.2      0.9850   0.9795   0.9790   0.9880   0.9850   0.9785   0.0000   0.9290
  rho=0.3      0.9770   0.9800   0.9745   0.9760   0.9725   0.9675   0.0000   0.9100
  rho=0.4      0.9660   0.9645   0.9575   0.9640   0.9620   0.0000   0.0000   0.8845
  rho=0.5      0.9440   0.9475   0.9435   0.9410   0.9355   0.0000   0.0000   0.8330
  rho=0.6      0.9035   0.8975   0.8960   0.8920   0.8675   0.0000   0.0000   0.7590
  rho=0.7      0.8130   0.8275   0.8140   0.8065   0.0005   0.0000   0.0000   0.6435
  rho=0.8      0.6820   0.6785   0.5620   0.0005   0.0005   0.0000   0.0000   0.4645
  rho=0.9      0.4615   0.4275   0.0000   0.0000   0.0000   0.0000   0.0000   0.2000

  sd_TPP
            gap=100   gap=50   gap=20   gap=15   gap=10    gap=5    gap=1   Random
  ----------------------------------------------------------------------------------
  rho=0.0      0.0229   0.0329   0.0417   0.0320   0.0313   0.0525   0.0071   0.0706
  rho=0.1      0.0326   0.0359   0.0471   0.0307   0.0397   0.0496   0.0000   0.0885
  rho=0.2      0.0372   0.0543   0.0563   0.0326   0.0457   0.0649   0.0000   0.1119
  rho=0.3      0.0488   0.0470   0.0530   0.0451   0.0665   0.0763   0.0000   0.1272
  rho=0.4      0.0690   0.0592   0.0847   0.0723   0.0713   0.0000   0.0000   0.1453
  rho=0.5      0.0761   0.0722   0.0894   0.0852   0.1037   0.0000   0.0000   0.1524
  rho=0.6      0.1114   0.1188   0.1194   0.1258   0.1432   0.0000   0.0000   0.1636
  rho=0.7      0.1361   0.1497   0.1460   0.1604   0.0071   0.0000   0.0000   0.1858
  rho=0.8      0.1490   0.1796   0.1956   0.0071   0.0071   0.0000   0.0000   0.1840
  rho=0.9      0.1649   0.1656   0.0000   0.0000   0.0000   0.0000   0.0000   0.1334

  mean_FDP
            gap=100   gap=50   gap=20   gap=15   gap=10    gap=5    gap=1   Random
  ----------------------------------------------------------------------------------
  rho=0.0      0.0934   0.0965   0.0873   0.0924   0.1011   0.0936   0.1100   0.1062
  rho=0.1      0.0882   0.0943   0.0898   0.0896   0.0928   0.0878   0.1200   0.0870
  rho=0.2      0.0872   0.0889   0.0805   0.0901   0.0902   0.0795   0.1050   0.0713
  rho=0.3      0.0754   0.0879   0.0801   0.0758   0.0733   0.0759   0.1050   0.0721
  rho=0.4      0.0746   0.0743   0.0771   0.0809   0.0705   0.0450   0.0900   0.0609
  rho=0.5      0.0684   0.0703   0.0742   0.0702   0.0640   0.0750   0.0600   0.0657
  rho=0.6      0.0569   0.0631   0.0564   0.0631   0.0516   0.0650   0.0600   0.0470
  rho=0.7      0.0479   0.0526   0.0611   0.0516   0.0800   0.0700   0.0600   0.0478
  rho=0.8      0.0412   0.0427   0.0491   0.1150   0.1250   0.1150   0.0900   0.0456
  rho=0.9      0.0874   0.0883   0.1600   0.2000   0.1450   0.1450   0.0900   0.1227

  sd_FDP
            gap=100   gap=50   gap=20   gap=15   gap=10    gap=5    gap=1   Random
  ----------------------------------------------------------------------------------
  rho=0.0      0.0842   0.0866   0.0788   0.0825   0.0788   0.0789   0.3137   0.0833
  rho=0.1      0.0810   0.0847   0.0783   0.0882   0.0848   0.0768   0.3258   0.0802
  rho=0.2      0.0756   0.0799   0.0820   0.0786   0.0775   0.0823   0.3073   0.0789
  rho=0.3      0.0821   0.0727   0.0790   0.0744   0.0794   0.0815   0.3073   0.0780
  rho=0.4      0.0774   0.0746   0.0709   0.0788   0.0718   0.2078   0.2869   0.0738
  rho=0.5      0.0796   0.0720   0.0711   0.0723   0.0704   0.2641   0.2381   0.0776
  rho=0.6      0.0729   0.0703   0.0658   0.0714   0.0632   0.2471   0.2381   0.0742
  rho=0.7      0.0678   0.0677   0.0726   0.0725   0.2720   0.2558   0.2381   0.0867
  rho=0.8      0.0652   0.0798   0.0881   0.3198   0.3315   0.3198   0.2869   0.0965
  rho=0.9      0.1332   0.1322   0.3675   0.4010   0.3530   0.3530   0.2869   0.2238

------------------------------------------------------------------------------
  Solver: TREX-DA+AR1: TAFS
------------------------------------------------------------------------------

  mean_TPP
            gap=100   gap=50   gap=20   gap=15   gap=10    gap=5    gap=1   Random
  ----------------------------------------------------------------------------------
  rho=0.0      0.9985   0.9980   0.9990   0.9985   0.9985   0.9985   0.0000   0.9905
  rho=0.1      0.9965   0.9965   0.9975   0.9965   0.9970   0.9970   0.0000   0.9790
  rho=0.2      0.9955   0.9945   0.9970   0.9965   0.9975   0.9955   0.0000   0.9660
  rho=0.3      0.9940   0.9925   0.9970   0.9955   0.9930   0.9990   0.0000   0.9560
  rho=0.4      0.9945   0.9895   0.9935   0.9920   0.9930   0.0000   0.0000   0.9430
  rho=0.5      0.9935   0.9930   0.9895   0.9920   0.9915   0.0000   0.0000   0.9275
  rho=0.6      0.9855   0.9825   0.9770   0.9785   0.9805   0.0000   0.0000   0.8845
  rho=0.7      0.9575   0.9605   0.9520   0.9460   0.0000   0.0000   0.0000   0.7970
  rho=0.8      0.8875   0.8735   0.8420   0.0000   0.0000   0.0000   0.0000   0.6190
  rho=0.9      0.6620   0.6375   0.0010   0.0000   0.0000   0.0000   0.0000   0.3110

  sd_TPP
            gap=100   gap=50   gap=20   gap=15   gap=10    gap=5    gap=1   Random
  ----------------------------------------------------------------------------------
  rho=0.0      0.0122   0.0140   0.0100   0.0122   0.0122   0.0122   0.0000   0.0421
  rho=0.1      0.0184   0.0184   0.0157   0.0184   0.0171   0.0171   0.0000   0.0706
  rho=0.2      0.0208   0.0229   0.0171   0.0232   0.0157   0.0252   0.0000   0.0859
  rho=0.3      0.0238   0.0264   0.0171   0.0231   0.0275   0.0141   0.0000   0.1026
  rho=0.4      0.0229   0.0323   0.0247   0.0290   0.0256   0.0000   0.0000   0.1132
  rho=0.5      0.0247   0.0256   0.0323   0.0290   0.0297   0.0000   0.0000   0.1228
  rho=0.6      0.0380   0.0406   0.0518   0.0510   0.0508   0.0000   0.0000   0.1457
  rho=0.7      0.0622   0.0649   0.0723   0.0820   0.0000   0.0000   0.0000   0.1710
  rho=0.8      0.1022   0.1217   0.1320   0.0000   0.0000   0.0000   0.0000   0.1971
  rho=0.9      0.1545   0.1682   0.0100   0.0000   0.0000   0.0000   0.0000   0.1695

  mean_FDP
            gap=100   gap=50   gap=20   gap=15   gap=10    gap=5    gap=1   Random
  ----------------------------------------------------------------------------------
  rho=0.0      0.1122   0.1101   0.1096   0.1163   0.1088   0.1150   0.0800   0.1009
  rho=0.1      0.1148   0.1084   0.1112   0.1134   0.1099   0.1097   0.0850   0.1028
  rho=0.2      0.1160   0.1052   0.1075   0.1057   0.1037   0.1095   0.0800   0.0975
  rho=0.3      0.1100   0.1089   0.0973   0.1048   0.1071   0.1009   0.0550   0.0924
  rho=0.4      0.0982   0.1044   0.0988   0.1038   0.1010   0.0750   0.0450   0.0887
  rho=0.5      0.0994   0.0956   0.1014   0.0979   0.0899   0.0700   0.0600   0.0775
  rho=0.6      0.0881   0.0886   0.0914   0.0862   0.0827   0.0650   0.0450   0.0677
  rho=0.7      0.0786   0.0744   0.0813   0.0832   0.0550   0.0450   0.0250   0.0567
  rho=0.8      0.0842   0.0882   0.0708   0.0400   0.0450   0.0150   0.0250   0.0688
  rho=0.9      0.1520   0.1812   0.0300   0.0200   0.0100   0.0050   0.0100   0.1775

  sd_FDP
            gap=100   gap=50   gap=20   gap=15   gap=10    gap=5    gap=1   Random
  ----------------------------------------------------------------------------------
  rho=0.0      0.0574   0.0630   0.0648   0.0706   0.0553   0.0654   0.2720   0.0616
  rho=0.1      0.0631   0.0628   0.0677   0.0654   0.0578   0.0650   0.2796   0.0728
  rho=0.2      0.0652   0.0601   0.0601   0.0631   0.0617   0.0644   0.2720   0.0690
  rho=0.3      0.0658   0.0653   0.0591   0.0682   0.0570   0.0622   0.2286   0.0757
  rho=0.4      0.0609   0.0579   0.0591   0.0589   0.0592   0.2641   0.2078   0.0704
  rho=0.5      0.0600   0.0605   0.0598   0.0656   0.0544   0.2558   0.2381   0.0725
  rho=0.6      0.0593   0.0597   0.0632   0.0625   0.0544   0.2471   0.2078   0.0681
  rho=0.7      0.0666   0.0616   0.0683   0.0672   0.2286   0.2078   0.1565   0.0675
  rho=0.8      0.0784   0.0809   0.0750   0.1965   0.2078   0.1219   0.1565   0.0992
  rho=0.9      0.1281   0.1410   0.1710   0.1404   0.0997   0.0707   0.0997   0.2154

------------------------------------------------------------------------------
  Solver: TREX-DA+AR1: TOMP
------------------------------------------------------------------------------

  mean_TPP
            gap=100   gap=50   gap=20   gap=15   gap=10    gap=5    gap=1   Random
  ----------------------------------------------------------------------------------
  rho=0.0      0.9985   0.9995   0.9995   0.9990   0.9980   0.9990   0.0000   0.9930
  rho=0.1      0.9980   0.9995   0.9990   0.9990   0.9980   0.9990   0.0000   0.9800
  rho=0.2      0.9990   0.9970   0.9975   0.9995   0.9970   0.9975   0.0000   0.9715
  rho=0.3      0.9975   0.9985   0.9985   0.9995   0.9960   1.0000   0.0000   0.9675
  rho=0.4      0.9980   0.9985   0.9995   0.9990   0.9975   0.0000   0.0000   0.9490
  rho=0.5      0.9970   0.9975   0.9960   0.9975   0.9990   0.0000   0.0000   0.9505
  rho=0.6      0.9910   0.9915   0.9885   0.9900   0.9935   0.0000   0.0000   0.9190
  rho=0.7      0.9715   0.9740   0.9670   0.9615   0.0000   0.0000   0.0000   0.8245
  rho=0.8      0.9150   0.8980   0.8870   0.0000   0.0005   0.0000   0.0000   0.6495
  rho=0.9      0.6945   0.6725   0.0000   0.0010   0.0010   0.0000   0.0005   0.3220

  sd_TPP
            gap=100   gap=50   gap=20   gap=15   gap=10    gap=5    gap=1   Random
  ----------------------------------------------------------------------------------
  rho=0.0      0.0122   0.0071   0.0071   0.0100   0.0140   0.0100   0.0000   0.0382
  rho=0.1      0.0140   0.0071   0.0100   0.0100   0.0140   0.0100   0.0000   0.0673
  rho=0.2      0.0100   0.0171   0.0157   0.0071   0.0171   0.0211   0.0000   0.0811
  rho=0.3      0.0157   0.0122   0.0122   0.0071   0.0196   0.0000   0.0000   0.0918
  rho=0.4      0.0140   0.0122   0.0071   0.0100   0.0157   0.0000   0.0000   0.1125
  rho=0.5      0.0171   0.0157   0.0221   0.0157   0.0100   0.0000   0.0000   0.1143
  rho=0.6      0.0287   0.0313   0.0350   0.0332   0.0285   0.0000   0.0000   0.1387
  rho=0.7      0.0515   0.0551   0.0568   0.0692   0.0000   0.0000   0.0000   0.1712
  rho=0.8      0.0849   0.1032   0.1204   0.0000   0.0071   0.0000   0.0000   0.1928
  rho=0.9      0.1498   0.1701   0.0000   0.0100   0.0100   0.0000   0.0071   0.1740

  mean_FDP
            gap=100   gap=50   gap=20   gap=15   gap=10    gap=5    gap=1   Random
  ----------------------------------------------------------------------------------
  rho=0.0      0.0920   0.0939   0.0935   0.0966   0.0947   0.0964   0.0500   0.0831
  rho=0.1      0.0920   0.0894   0.0919   0.0950   0.0919   0.0881   0.0600   0.0823
  rho=0.2      0.0883   0.0934   0.0922   0.0877   0.0868   0.0928   0.0500   0.0765
  rho=0.3      0.0884   0.0879   0.0866   0.0907   0.0843   0.0882   0.0450   0.0731
  rho=0.4      0.0887   0.0837   0.0849   0.0885   0.0881   0.0700   0.0600   0.0769
  rho=0.5      0.0842   0.0795   0.0768   0.0815   0.0781   0.0850   0.0300   0.0639
  rho=0.6      0.0747   0.0766   0.0697   0.0720   0.0709   0.0850   0.0200   0.0562
  rho=0.7      0.0652   0.0644   0.0661   0.0688   0.0700   0.0550   0.0200   0.0527
  rho=0.8      0.0812   0.0768   0.0677   0.0450   0.0450   0.0150   0.0200   0.0531
  rho=0.9      0.1260   0.1568   0.0200   0.0150   0.0150   0.0100   0.0000   0.1651

  sd_FDP
            gap=100   gap=50   gap=20   gap=15   gap=10    gap=5    gap=1   Random
  ----------------------------------------------------------------------------------
  rho=0.0      0.0570   0.0599   0.0631   0.0638   0.0617   0.0629   0.2185   0.0651
  rho=0.1      0.0573   0.0598   0.0621   0.0685   0.0618   0.0639   0.2381   0.0660
  rho=0.2      0.0625   0.0620   0.0637   0.0623   0.0629   0.0676   0.2185   0.0676
  rho=0.3      0.0594   0.0609   0.0631   0.0670   0.0615   0.0648   0.2078   0.0695
  rho=0.4      0.0576   0.0606   0.0621   0.0657   0.0622   0.2558   0.2381   0.0717
  rho=0.5      0.0614   0.0562   0.0586   0.0607   0.0582   0.2796   0.1710   0.0675
  rho=0.6      0.0610   0.0576   0.0612   0.0627   0.0573   0.2796   0.1404   0.0624
  rho=0.7      0.0636   0.0623   0.0634   0.0622   0.2558   0.2286   0.1404   0.0690
  rho=0.8      0.0792   0.0753   0.0725   0.2078   0.2078   0.1219   0.1404   0.0849
  rho=0.9      0.1123   0.1270   0.1404   0.1219   0.1219   0.0997   0.0000   0.2210

==============================================================================

