
==============================================================================
  DA-TRex MC: da_ar1_white_snr_Complete  (MC=200)
  AR(1)+white SNR sweep  n=300  p_total=1000  M=5  Q=5  p_ar=25  s=5  rho=0.700000  linkage=Complete
==============================================================================

Solver          Metric    SNR      0.10      0.20      0.50      0.60         1         2         5
---------------------------------------------------------------------------------------------------
TREX-DA: TLARS  FDR              0.0000    0.0279    0.0302    0.0238    0.0233    0.0248    0.0288
                sd_FDR           0.0000    0.1170    0.0879    0.0807    0.0662    0.0791    0.0859
                TPR              0.0170    0.1030    0.6860    0.7920    0.9150    0.9090    0.9030
                sd_TPR           0.0658    0.1677    0.2108    0.1932    0.1210    0.1357    0.1360
                Avg L            2.2850    4.8750    4.0550    3.4000    2.4000    2.3450    2.3600
                Avg T            5.8850    3.7800    6.9600   12.7550   13.6100    9.4850   11.6950

TREX-DA: TAFS   FDR              0.0100    0.0268    0.0421    0.0342    0.0189    0.0142    0.0163
                sd_FDR           0.0997    0.1243    0.1016    0.0840    0.0561    0.0501    0.0554
                TPR              0.0170    0.1010    0.7920    0.8790    0.9520    0.8430    0.7350
                sd_TPR           0.0627    0.1701    0.2072    0.1577    0.0879    0.0894    0.0960
                Avg L            2.4550    4.8100    3.5100    2.8200    2.3950    2.5000    2.4400
                Avg T            4.8050    3.6950    5.7900    6.3350    7.0600    7.0950    6.8500

TREX-DA: TOMP   FDR              0.0050    0.0196    0.0407    0.0267    0.0193    0.0067    0.0098
                sd_FDR           0.0707    0.1053    0.0945    0.0746    0.0538    0.0327    0.0414
                TPR              0.0150    0.1020    0.8130    0.9170    0.9970    1.0000    1.0000
                sd_TPR           0.0565    0.1736    0.2104    0.1436    0.0244    0.0000    0.0000
                Avg L            2.5200    5.0450    3.1900    2.6600    2.0600    2.0150    2.0200
                Avg T            6.2250    5.3450    6.8150    7.1950    7.3950    7.5250    7.2300

==============================================================================

