
==============================================================================
  DA-TRex MC: da_ar1_white_rho_Complete  (MC=200)
  AR(1)+white rho sweep  n=300  p_total=1000  M=5  Q=5  s=5  SNR=2.000000  linkage=Complete
==============================================================================

Solver          Metric    Rho         0      0.10      0.20      0.30      0.40      0.50      0.60      0.70      0.80      0.90
---------------------------------------------------------------------------------------------------------------------------------
TREX-DA: TLARS  FDR              0.0721    0.0728    0.0564    0.0505    0.0449    0.0277    0.0293    0.0350    0.0180    0.0255
                sd_FDR           0.1134    0.1155    0.1001    0.1006    0.0883    0.0756    0.0777    0.0996    0.0751    0.0909
                TPR              0.9140    0.9230    0.9580    0.9610    0.9610    0.9720    0.9460    0.8910    0.8480    0.7000
                sd_TPR           0.1928    0.1662    0.0953    0.0912    0.0843    0.0778    0.1036    0.1372    0.1619    0.2074
                Avg L            2.9800    3.0000    2.8450    2.6500    2.5650    2.2450    2.2500    2.4000    2.4400    2.5300
                Avg T           15.4850   18.5850   16.5650   18.1600   14.9200   10.8500    8.5500   14.5150   11.4450   13.6300

TREX-DA: TAFS   FDR              0.0209    0.0218    0.0168    0.0152    0.0272    0.0271    0.0167    0.0148    0.0186    0.0457
                sd_FDR           0.0589    0.0605    0.0523    0.0528    0.0688    0.0675    0.0518    0.0506    0.0605    0.1084
                TPR              0.9610    0.9680    0.9900    0.9840    0.9640    0.9490    0.8990    0.8390    0.7990    0.7510
                sd_TPR           0.1744    0.1259    0.0481    0.0544    0.0821    0.0874    0.1061    0.0934    0.0709    0.0972
                Avg L            2.9850    3.0350    2.8550    2.6550    2.6000    2.3450    2.4700    2.5400    2.4150    2.2550
                Avg T            7.4100    7.3500    7.4000    7.3350    7.3600    7.0600    6.9850    7.3150    7.2800    7.2550

TREX-DA: TOMP   FDR              0.0128    0.0191    0.0143    0.0103    0.0229    0.0100    0.0106    0.0100    0.0170    0.0415
                sd_FDR           0.0453    0.0551    0.0472    0.0411    0.0617    0.0397    0.0428    0.0431    0.0562    0.0901
                TPR              0.9650    0.9730    0.9970    0.9980    0.9950    1.0000    1.0000    0.9980    0.9940    0.9670
                sd_TPR           0.1730    0.1370    0.0316    0.0199    0.0313    0.0000    0.0000    0.0199    0.0342    0.0821
                Avg L            2.9700    3.0150    2.8300    2.6400    2.5250    2.1000    2.0400    2.0150    2.0200    2.0250
                Avg T            7.6800    7.7650    7.6350    7.8100    7.5850    7.5850    7.4800    7.5100    7.6150    7.7100

==============================================================================

