
==============================================================================
  DA-TRex MC: da_ar1_white_M_Single  (MC=200)
  AR(1)+white M sweep  n=300  p_total=1000  Q=5  rho=0.700000  SNR=2.000000  p_ar=M*Q and s=M vary  linkage=Single
==============================================================================

Solver          Metric      M         1         3         5        10        15        20        30
---------------------------------------------------------------------------------------------------
TREX-DA: TLARS  FDR              0.0150    0.0133    0.0147    0.0190    0.0287    0.0503    0.0772
                sd_FDR           0.0855    0.0639    0.0685    0.0582    0.0521    0.0788    0.1348
                TPR              0.9000    0.9100    0.8940    0.8440    0.5930    0.3430    0.1067
                sd_TPR           0.3008    0.1759    0.1539    0.1362    0.1613    0.1635    0.0973
                Avg L            8.9250    4.1050    2.5800    2.3050    3.0700    4.6500    4.9250
                Avg T           63.1750   28.7750   21.6200   15.1000    5.9500    9.0200    5.6300

TREX-DA: TAFS   FDR              0.0100    0.0067    0.0037    0.0252    0.0444    0.0613    0.0827
                sd_FDR           0.0997    0.0468    0.0258    0.0577    0.0570    0.1111    0.1779
                TPR              0.0000    0.5867    0.8440    0.9670    0.8613    0.4585    0.0903
                sd_TPR           0.0000    0.1679    0.1064    0.0673    0.1598    0.2230    0.0791
                Avg L            1.1550    3.9300    2.6200    1.7200    2.0050    3.7800    5.0900
                Avg T            6.6150    7.4400    7.2400    6.5500    6.2900    8.0500    6.1800

TREX-DA: TOMP   FDR              0.0050    0.0037    0.0042    0.0160    0.0394    0.0614    0.0754
                sd_FDR           0.0499    0.0305    0.0261    0.0412    0.0563    0.1220    0.1867
                TPR              1.0000    0.9833    0.9870    0.9835    0.8697    0.3822    0.0663
                sd_TPR           0.0000    0.1193    0.0667    0.0446    0.1761    0.2225    0.0646
                Avg L            9.8650    3.9850    2.2400    1.6400    1.9400    3.7000    4.9500
                Avg T            7.8150    7.7800    6.7350    6.8100    7.0800    8.1100    6.1400

==============================================================================

