
==============================================================================
  DA-TRex MC: da_ar1_white_Q_Complete  (MC=200)
  AR(1)+white Q sweep  n=300  p_total=1000  M=5  s=5  rho=0.700000  SNR=2.000000  p_ar=M*Q varies  linkage=Complete
==============================================================================

Solver          Metric      Q         5        10        15        20        25        30        35        40        45        50
---------------------------------------------------------------------------------------------------------------------------------
TREX-DA: TLARS  FDR              0.0309    0.0315    0.0365    0.0342    0.0493    0.0454    0.0437    0.0351    0.0610    0.0325
                sd_FDR           0.0835    0.0797    0.0873    0.0848    0.1022    0.1057    0.0990    0.0886    0.1345    0.0839
                TPR              0.9210    0.9100    0.9130    0.9030    0.9010    0.8970    0.9000    0.9180    0.8970    0.9070
                sd_TPR           0.1250    0.1215    0.1324    0.1374    0.1345    0.1446    0.1446    0.1223    0.1665    0.1444
                Avg L            2.3250    2.3650    2.4300    2.3350    2.3400    2.3600    2.3950    2.3600    2.3650    2.3600
                Avg T           10.6500   12.4000   13.5650   13.1600   14.2800   15.9600   16.9700   15.8250   17.1550   17.3450

TREX-DA: TAFS   FDR              0.0118    0.0182    0.0147    0.0172    0.0413    0.0211    0.0228    0.0263    0.0359    0.0327
                sd_FDR           0.0452    0.0568    0.0528    0.0578    0.0830    0.0631    0.0642    0.0735    0.0843    0.0776
                TPR              0.8420    0.8460    0.8440    0.8410    0.8440    0.8470    0.8410    0.8420    0.8260    0.8360
                sd_TPR           0.0910    0.0997    0.0965    0.0988    0.1101    0.1002    0.0947    0.1127    0.1028    0.1018
                Avg L            2.4950    2.5300    2.4400    2.5650    2.4950    2.5450    2.4850    2.5500    2.4750    2.4800
                Avg T            7.2250    7.2500    7.2550    7.3450    7.2900    7.5050    7.1750    7.3600    7.5500    7.3500

TREX-DA: TOMP   FDR              0.0104    0.0117    0.0106    0.0085    0.0218    0.0117    0.0098    0.0083    0.0119    0.0112
                sd_FDR           0.0444    0.0426    0.0428    0.0372    0.0607    0.0426    0.0414    0.0364    0.0473    0.0426
                TPR              1.0000    1.0000    1.0000    0.9990    1.0000    1.0000    0.9980    1.0000    0.9990    0.9980
                sd_TPR           0.0000    0.0000    0.0000    0.0141    0.0000    0.0000    0.0199    0.0000    0.0141    0.0199
                Avg L            2.0050    2.0250    2.0250    2.0150    2.0250    2.0150    2.0200    2.0100    2.0450    2.0300
                Avg T            7.4000    7.5200    7.5350    7.6100    7.5450    7.3300    7.5000    7.6150    7.6750    7.5850

==============================================================================

