
==============================================================================
  DA-TRex MC: da_ar1_white_snr_Average  (MC=200)
  AR(1)+white SNR sweep  n=300  p_total=1000  M=5  Q=5  p_ar=25  s=5  rho=0.700000  linkage=Average
==============================================================================

Solver          Metric    SNR      0.10      0.20      0.50      0.60         1         2         5
---------------------------------------------------------------------------------------------------
TREX-DA: TLARS  FDR              0.0000    0.0175    0.0271    0.0238    0.0277    0.0307    0.0276
                sd_FDR           0.0000    0.0976    0.0838    0.0765    0.0811    0.0800    0.0858
                TPR              0.0130    0.1060    0.6820    0.7860    0.9050    0.9000    0.8980
                sd_TPR           0.0533    0.1770    0.2105    0.1959    0.1314    0.1330    0.1418
                Avg L            2.2100    4.8700    4.0500    3.4250    2.4150    2.4050    2.3900
                Avg T            5.0750    3.9450    8.3900    9.8250   11.3800   11.2600   11.6750

TREX-DA: TAFS   FDR              0.0000    0.0218    0.0435    0.0383    0.0179    0.0151    0.0145
                sd_FDR           0.0000    0.1073    0.1154    0.0876    0.0546    0.0517    0.0532
                TPR              0.0150    0.1000    0.7960    0.8980    0.9470    0.8410    0.7320
                sd_TPR           0.0599    0.1713    0.2150    0.1418    0.0929    0.0947    0.0971
                Avg L            2.4950    4.8600    3.4400    2.8350    2.4400    2.5250    2.4350
                Avg T            4.8450    3.6350    5.7200    6.5050    7.0800    7.1550    6.8350

TREX-DA: TOMP   FDR              0.0050    0.0164    0.0411    0.0283    0.0197    0.0083    0.0083
                sd_FDR           0.0707    0.1100    0.0994    0.0755    0.0573    0.0364    0.0364
                TPR              0.0160    0.0930    0.8200    0.9210    0.9960    1.0000    1.0000
                sd_TPR           0.0580    0.1664    0.2169    0.1373    0.0281    0.0000    0.0000
                Avg L            2.4450    4.7800    3.2200    2.5650    2.0500    2.0150    2.0150
                Avg T            6.4350    4.8600    6.9150    7.1350    7.2900    7.3000    7.1450

==============================================================================

