
==============================================================================
  DA-TRex MC: da_ar1_white_Q_Average  (MC=200)
  AR(1)+white Q sweep  n=300  p_total=1000  M=5  s=5  rho=0.700000  SNR=2.000000  p_ar=M*Q varies  linkage=Average
==============================================================================

Solver          Metric      Q         5        10        15        20        25        30        35        40        45        50
---------------------------------------------------------------------------------------------------------------------------------
TREX-DA: TLARS  FDR              0.0225    0.0352    0.0475    0.0440    0.0543    0.0423    0.0458    0.0508    0.0650    0.0525
                sd_FDR           0.0702    0.0942    0.0969    0.0971    0.1123    0.1020    0.1027    0.1059    0.1259    0.1235
                TPR              0.9210    0.8970    0.9050    0.8900    0.8890    0.8970    0.8930    0.9000    0.8950    0.8970
                sd_TPR           0.1250    0.1374    0.1344    0.1510    0.1483    0.1432    0.1472    0.1460    0.1578    0.1665
                Avg L            2.3100    2.4650    2.4950    2.3800    2.3650    2.4100    2.4700    2.3800    2.4050    2.3950
                Avg T           10.6750   16.1100   15.3000   13.5550   12.8300   18.1150   23.2000   17.4150   21.8050   20.7750

TREX-DA: TAFS   FDR              0.0137    0.0209    0.0188    0.0219    0.0357    0.0260    0.0283    0.0330    0.0302    0.0371
                sd_FDR           0.0511    0.0629    0.0578    0.0655    0.0808    0.0744    0.0739    0.0809    0.0768    0.0820
                TPR              0.8380    0.8470    0.8440    0.8320    0.8400    0.8430    0.8360    0.8320    0.8320    0.8340
                sd_TPR           0.0905    0.0918    0.0965    0.1011    0.1080    0.1077    0.0998    0.1177    0.0991    0.1063
                Avg L            2.4950    2.5200    2.4350    2.5400    2.5400    2.5400    2.4300    2.5150    2.4950    2.4900
                Avg T            7.4000    7.0250    7.2200    7.1850    7.3300    7.3250    7.1850    7.2550    7.4400    7.5650

TREX-DA: TOMP   FDR              0.0067    0.0139    0.0145    0.0110    0.0173    0.0075    0.0058    0.0108    0.0110    0.0145
                sd_FDR           0.0327    0.0481    0.0506    0.0451    0.0526    0.0346    0.0307    0.0412    0.0460    0.0478
                TPR              1.0000    1.0000    1.0000    0.9970    0.9990    1.0000    0.9980    1.0000    0.9990    0.9980
                sd_TPR           0.0000    0.0000    0.0000    0.0244    0.0141    0.0000    0.0199    0.0000    0.0141    0.0199
                Avg L            2.0300    2.0550    2.0200    2.0250    2.0250    2.0400    2.0300    2.0450    2.0550    2.0700
                Avg T            7.3800    7.0200    7.0000    6.9800    6.9350    6.9850    6.7800    6.9850    7.2400    7.0250

==============================================================================

