
==============================================================================
  DA-TRex MC: da_ar1_white_Q_Single  (MC=200)
  AR(1)+white Q sweep  n=300  p_total=1000  M=5  s=5  rho=0.700000  SNR=2.000000  p_ar=M*Q varies  linkage=Single
==============================================================================

Solver          Metric      Q         5        10        15        20        25        30        35        40        45        50
---------------------------------------------------------------------------------------------------------------------------------
TREX-DA: TLARS  FDR              0.0120    0.0159    0.0291    0.0151    0.0229    0.0294    0.0446    0.0459    0.0759    0.0929
                sd_FDR           0.0481    0.0699    0.0899    0.0687    0.0722    0.0984    0.1071    0.1177    0.1471    0.1646
                TPR              0.9170    0.9070    0.8250    0.8420    0.7880    0.7070    0.6820    0.7440    0.7750    0.7670
                sd_TPR           0.1334    0.1430    0.2629    0.2444    0.2854    0.3680    0.3704    0.3228    0.2727    0.2446
                Avg L            2.5200    2.8650    2.8350    2.9850    2.9900    2.9000    2.9600    3.1000    3.0100    3.0150
                Avg T           15.5450   21.5250   21.0450   22.8550   29.1850   26.7600   31.7300   36.3500   33.5700   38.4000

TREX-DA: TAFS   FDR              0.0107    0.0035    0.0193    0.0148    0.0170    0.0118    0.0152    0.0132    0.0147    0.0251
                sd_FDR           0.0444    0.0246    0.0641    0.0622    0.0591    0.0523    0.0567    0.0561    0.0601    0.0768
                TPR              0.8370    0.8360    0.7630    0.7800    0.7300    0.6350    0.6460    0.6660    0.7220    0.7390
                sd_TPR           0.0984    0.1296    0.2188    0.2169    0.2897    0.3498    0.3359    0.3295    0.2574    0.1936
                Avg L            2.6650    2.8500    2.8400    2.9900    2.9750    2.8100    2.8550    2.9300    2.9500    2.9950
                Avg T            7.2700    7.1750    7.0400    7.0600    7.0600    7.2250    7.2150    7.3300    7.3100    7.1850

TREX-DA: TOMP   FDR              0.0033    0.0025    0.0033    0.0039    0.0035    0.0000    0.0000    0.0017    0.0038    0.0057
                sd_FDR           0.0234    0.0203    0.0234    0.0279    0.0246    0.0000    0.0000    0.0166    0.0270    0.0324
                TPR              0.9940    0.9950    0.9520    0.9460    0.8830    0.8080    0.8050    0.8330    0.9120    0.9030
                sd_TPR           0.0487    0.0372    0.1716    0.1899    0.2866    0.3586    0.3628    0.3225    0.2175    0.1591
                Avg L            2.2450    2.5200    2.7600    2.9350    2.8400    2.9450    2.9600    2.9850    3.0150    2.8450
                Avg T            6.6700    6.5750    6.7100    6.7500    6.6650    7.0200    6.7150    6.7100    6.3650    5.9900

==============================================================================

