
==============================================================================
  T-Rex+GVS MC 2D Grid: Neg-Traps  (MC=200, tFDR=0.1, n=200, p=500)
==============================================================================

  mean_TPP [TENET]
  -----------------------------------------------------------------------
    snr \ rho       0.3       0.5       0.7       0.9      0.95      0.99
  -----------------------------------------------------------------------
          0.2    0.7833    0.9739    0.9995    1.0000    1.0000    1.0000
          0.5    0.9947    1.0000    1.0000    1.0000    1.0000    1.0000
            1    1.0000    1.0000    1.0000    1.0000    1.0000    1.0000
            2    1.0000    1.0000    1.0000    1.0000    1.0000    1.0000
            5    1.0000    1.0000    1.0000    1.0000    1.0000    1.0000



  mean_FDP [TENET]
  -----------------------------------------------------------------------
    snr \ rho       0.3       0.5       0.7       0.9      0.95      0.99
  -----------------------------------------------------------------------
          0.2    0.0827    0.0866    0.0836    0.0706    0.0651    0.0846
          0.5    0.0944    0.0837    0.0783    0.0738    0.0681    0.0891
            1    0.0897    0.0801    0.0817    0.0774    0.0741    0.0911
            2    0.0828    0.0797    0.0796    0.0755    0.0744    0.0971
            5    0.0849    0.0847    0.0830    0.0789    0.0749    0.0983



  mean_TPP [TENET_AUG]
  -----------------------------------------------------------------------
    snr \ rho       0.3       0.5       0.7       0.9      0.95      0.99
  -----------------------------------------------------------------------
          0.2    0.7833    0.9739    0.9995    1.0000    1.0000    1.0000
          0.5    0.9947    1.0000    1.0000    1.0000    1.0000    1.0000
            1    1.0000    1.0000    1.0000    1.0000    1.0000    1.0000
            2    1.0000    1.0000    1.0000    1.0000    1.0000    1.0000
            5    1.0000    1.0000    1.0000    1.0000    1.0000    1.0000



  mean_FDP [TENET_AUG]
  -----------------------------------------------------------------------
    snr \ rho       0.3       0.5       0.7       0.9      0.95      0.99
  -----------------------------------------------------------------------
          0.2    0.0827    0.0866    0.0836    0.0706    0.0651    0.0846
          0.5    0.0944    0.0837    0.0783    0.0738    0.0681    0.0891
            1    0.0897    0.0801    0.0817    0.0774    0.0741    0.0911
            2    0.0828    0.0797    0.0796    0.0755    0.0744    0.0971
            5    0.0849    0.0847    0.0830    0.0789    0.0749    0.0983



  mean_TPP [TIENET_AUG]
  -----------------------------------------------------------------------
    snr \ rho       0.3       0.5       0.7       0.9      0.95      0.99
  -----------------------------------------------------------------------
          0.2    0.4872    0.8256    0.9745    1.0000    1.0000    0.0293
          0.5    0.8910    0.9960    1.0000    1.0000    1.0000    0.0375
            1    0.9836    1.0000    1.0000    1.0000    1.0000    0.0466
            2    0.9982    1.0000    1.0000    1.0000    1.0000    0.0591
            5    0.9999    1.0000    1.0000    1.0000    1.0000    0.0829



  mean_FDP [TIENET_AUG]
  -----------------------------------------------------------------------
    snr \ rho       0.3       0.5       0.7       0.9      0.95      0.99
  -----------------------------------------------------------------------
          0.2    0.0151    0.0122    0.0220    0.0303    0.0313    0.0081
          0.5    0.0083    0.0173    0.0208    0.0204    0.0231    0.0143
            1    0.0100    0.0132    0.0152    0.0128    0.0133    0.0147
            2    0.0080    0.0071    0.0089    0.0064    0.0074    0.0173
            5    0.0065    0.0035    0.0025    0.0011    0.0006    0.0202
