
==============================================================================
  T-Rex+GVS MC 2D Grid: AR1-Blocks  (MC=200, tFDR=0.1, n=200, p=500)
==============================================================================

  mean_TPP [EN]
  ------------------------------------------------------------
              rho=0.30rho=0.50rho=0.70rho=0.85rho=0.90rho=0.99
  snr=0.20      0.0003  0.0008  0.0067  0.0660  0.1981  0.8009
  snr=0.50      0.0008  0.0048  0.0482  0.3737  0.6228  0.9044
  snr=1.00      0.0027  0.0199  0.1838  0.6567  0.8275  0.9257
  snr=2.00      0.0077  0.0614  0.3617  0.8096  0.9097  0.9440
  snr=5.00      0.0190  0.1417  0.5278  0.8889  0.9480  0.9600


  mean_FDP [EN]
  ------------------------------------------------------------
              rho=0.30rho=0.50rho=0.70rho=0.85rho=0.90rho=0.99
  snr=0.20      0.0117  0.0152  0.0212  0.0382  0.0514  0.0826
  snr=0.50      0.0131  0.0108  0.0435  0.0631  0.0726  0.0744
  snr=1.00      0.0180  0.0365  0.0570  0.0758  0.0843  0.0688
  snr=2.00      0.0316  0.0440  0.0656  0.0836  0.0889  0.0673
  snr=5.00      0.0346  0.0530  0.0725  0.0887  0.0918  0.0684


  mean_TPP [EN+AUG]
  ------------------------------------------------------------
              rho=0.30rho=0.50rho=0.70rho=0.85rho=0.90rho=0.99
  snr=0.20      0.0002  0.0005  0.0057  0.0598  0.1942  0.8182
  snr=0.50      0.0006  0.0037  0.0433  0.3835  0.6480  0.9177
  snr=1.00      0.0022  0.0157  0.1765  0.6871  0.8554  0.9402
  snr=2.00      0.0057  0.0540  0.3736  0.8412  0.9315  0.9584
  snr=5.00      0.0152  0.1369  0.5506  0.9138  0.9647  0.9727


  mean_FDP [EN+AUG]
  ------------------------------------------------------------
              rho=0.30rho=0.50rho=0.70rho=0.85rho=0.90rho=0.99
  snr=0.20      0.0117  0.0135  0.0198  0.0310  0.0467  0.0857
  snr=0.50      0.0108  0.0076  0.0340  0.0660  0.0724  0.0766
  snr=1.00      0.0073  0.0295  0.0552  0.0763  0.0845  0.0715
  snr=2.00      0.0233  0.0404  0.0664  0.0848  0.0898  0.0679
  snr=5.00      0.0237  0.0495  0.0738  0.0892  0.0930  0.0700


  mean_TPP [IEN]
  ------------------------------------------------------------
              rho=0.30rho=0.50rho=0.70rho=0.85rho=0.90rho=0.99
  snr=0.20      0.0002  0.0005  0.0044  0.0369  0.0980  0.0071
  snr=0.50      0.0006  0.0033  0.0281  0.1940  0.3583  0.0077
  snr=1.00      0.0020  0.0126  0.1019  0.4047  0.5813  0.0078
  snr=2.00      0.0049  0.0374  0.2127  0.5690  0.7188  0.0076
  snr=5.00      0.0127  0.0880  0.3239  0.6925  0.8043  0.0076


  mean_FDP [IEN]
  ------------------------------------------------------------
              rho=0.30rho=0.50rho=0.70rho=0.85rho=0.90rho=0.99
  snr=0.20      0.0125  0.0138  0.0183  0.0246  0.0248  0.0000
  snr=0.50      0.0067  0.0083  0.0293  0.0237  0.0146  0.0000
  snr=1.00      0.0052  0.0309  0.0339  0.0153  0.0083  0.0000
  snr=2.00      0.0261  0.0370  0.0255  0.0096  0.0053  0.0000
  snr=5.00      0.0227  0.0315  0.0210  0.0075  0.0036  0.0000

