
==============================================================================
  DA-TRex MC: da_equi_rho_snr2  (MC=200)
  Equi 2D sweep, SNR=2, n=300, p=1000, support=Random
==============================================================================

  Rho                             0      0.03      0.05      0.10      0.20      0.40      0.70      0.90
---------------------------------------------------------------------------------------------------------

TREX-DA+EQUI: TLARS
  FDR                        0.1453    0.0000    0.0000    0.0000    0.0000    0.0000    0.0000    0.0000
  sd_FDR                     0.0875    0.0000    0.0000    0.0000    0.0000    0.0000    0.0000    0.0000
  TPR                        0.9960    0.0000    0.0000    0.0000    0.0000    0.0000    0.0000    0.0000
  sd_TPR                     0.0221    0.0000    0.0000    0.0000    0.0000    0.0000    0.0000    0.0000
  Avg L                      1.0000    1.0000    1.0000    1.0000    1.0000    1.0000    1.0000    1.0000
  Avg T                      7.1050  150.0000  150.0000  150.0000  150.0000  150.0000  150.0000  150.0000

TREX-DA+EQUI: TAFS
  FDR                        0.1419    0.0000    0.0000    0.0000    0.0000    0.0000    0.0000    0.0000
  sd_FDR                     0.0706    0.0000    0.0000    0.0000    0.0000    0.0000    0.0000    0.0000
  TPR                        1.0000    0.0000    0.0000    0.0000    0.0000    0.0000    0.0000    0.0000
  sd_TPR                     0.0000    0.0000    0.0000    0.0000    0.0000    0.0000    0.0000    0.0000
  Avg L                      1.0000    1.0000    1.0000    1.0000    1.0000    1.0000    1.0000    1.0000
  Avg T                      9.5100    8.0000    8.0000    8.0000    8.0000    8.0000    8.0000    8.0000

TREX-DA+EQUI: TOMP
  FDR                        0.1192    0.0000    0.0000    0.0000    0.0000    0.0000    0.0000    0.1100
  sd_FDR                     0.0643    0.0000    0.0000    0.0000    0.0000    0.0000    0.0000    0.3137
  TPR                        1.0000    0.0000    0.0000    0.0000    0.0000    0.0000    0.0000    0.0010
  sd_TPR                     0.0000    0.0000    0.0000    0.0000    0.0000    0.0000    0.0000    0.0100
  Avg L                      1.0000    1.0000    1.0000    1.0000    1.0000    1.0000    1.1400    1.4800
  Avg T                      8.6150    8.0000    8.0000    8.0000    8.0000    8.0000    8.0000    8.0000

TREX: TLARS
  FDR                        0.1433    0.3850    0.6027    0.7307    0.7934    0.8481    0.9002    0.9525
  sd_FDR                     0.0859    0.1423    0.1067    0.0667    0.0472    0.0356    0.0374    0.0437
  TPR                        0.9965    0.9995    1.0000    0.9995    0.9790    0.8135    0.3970    0.1075
  sd_TPR                     0.0184    0.0071    0.0000    0.0071    0.0444    0.1243    0.1400    0.0961
  Avg L                      1.0050    1.0000    1.0000    1.0000    1.0000    1.0000    1.0000    1.0000
  Avg T                      6.9800    8.5650   23.7150   91.8800  141.9050  150.0000  150.0000  150.0000

TREX: TAFS
  FDR                        0.1385    0.1444    0.1434    0.1573    0.2382    0.4843    0.6648    0.8747
  sd_FDR                     0.0673    0.0674    0.0732    0.0745    0.1281    0.1787    0.3163    0.2689
  TPR                        1.0000    0.9995    0.9990    0.9780    0.8245    0.3975    0.0990    0.0220
  sd_TPR                     0.0000    0.0071    0.0100    0.0513    0.1294    0.1633    0.0930    0.0472
  Avg L                      1.0000    1.0000    1.0000    1.0000    1.0000    1.1900    2.8600    2.9550
  Avg T                      9.3800    8.9950    9.3150    9.0550    8.7050    7.3250    7.9300    7.9800

TREX: TOMP
  FDR                        0.1250    0.1193    0.1050    0.0809    0.1361    0.3363    0.1417    0.1100
  sd_FDR                     0.0636    0.0635    0.0629    0.0751    0.1364    0.2771    0.3357    0.3137
  TPR                        1.0000    0.9990    0.9970    0.9460    0.6995    0.2335    0.0120    0.0010
  sd_TPR                     0.0000    0.0100    0.0171    0.0832    0.1485    0.1426    0.0369    0.0100
  Avg L                      1.0000    1.0000    1.0000    1.0000    1.0100    2.0100    2.1200    1.4800
  Avg T                      8.7850    8.8100    8.8550    8.3650    7.1500    7.2850    7.8650    8.0000

