
==============================================================================
  DA-TRex MC: da_equi_rho_snr1  (MC=200)
  Equi 2D sweep, SNR=1, n=300, p=1000, support=Random
==============================================================================

  Rho                          0.00      0.03      0.05      0.10      0.20      0.40      0.70      0.90
---------------------------------------------------------------------------------------------------------

TREX-DA+EQUI: TLARS
  FDR                        0.1073    0.0022    0.0000    0.0000    0.0000    0.0000    0.0000    0.0000
  sd_FDR                     0.1060    0.0314    0.0000    0.0000    0.0000    0.0000    0.0000    0.0000
  TPR                        0.8435    0.0050    0.0000    0.0000    0.0000    0.0000    0.0000    0.0000
  sd_TPR                     0.1366    0.0707    0.0000    0.0000    0.0000    0.0000    0.0000    0.0000
  Avg L                      1.2700    1.0000    1.0000    1.0000    1.0000    1.0000    1.0000    1.0000
  Avg T                      5.7950  149.2850  150.0000  150.0000  150.0000  150.0000  150.0000  150.0000

TREX-DA+EQUI: TAFS
  FDR                        0.0999    0.0012    0.0000    0.0000    0.0000    0.0000    0.0000    0.0000
  sd_FDR                     0.0924    0.0163    0.0000    0.0000    0.0000    0.0000    0.0000    0.0000
  TPR                        0.9425    0.0050    0.0000    0.0000    0.0000    0.0000    0.0000    0.0000
  sd_TPR                     0.1010    0.0707    0.0000    0.0000    0.0000    0.0000    0.0000    0.0000
  Avg L                      1.0650    1.0000    1.0000    1.0000    1.0000    1.0000    1.0000    1.0000
  Avg T                      8.0300    8.0150    8.0000    8.0000    8.0000    8.0000    8.0000    8.0000

TREX-DA+EQUI: TOMP
  FDR                        0.0857    0.0005    0.0000    0.0000    0.0000    0.0000    0.0400    0.1500
  sd_FDR                     0.0841    0.0064    0.0000    0.0000    0.0000    0.0000    0.1965    0.3580
  TPR                        0.9340    0.0050    0.0000    0.0000    0.0000    0.0000    0.0000    0.0010
  sd_TPR                     0.1158    0.0707    0.0000    0.0000    0.0000    0.0000    0.0000    0.0100
  Avg L                      1.0650    1.0000    1.0000    1.0000    1.0000    1.0000    1.4200    1.6400
  Avg T                      8.0250    8.0050    8.0000    8.0000    8.0000    8.0000    8.0000    8.0000

TREX: TLARS
  FDR                        0.1053    0.3722    0.6101    0.7271    0.8170    0.8771    0.9248    0.9688
  sd_FDR                     0.1047    0.1640    0.1130    0.0682    0.0510    0.0440    0.0459    0.0429
  TPR                        0.8410    0.9440    0.9655    0.9370    0.7990    0.5180    0.2125    0.0500
  sd_TPR                     0.1375    0.0768    0.0572    0.0725    0.1256    0.1549    0.1236    0.0687
  Avg L                      1.1400    1.0250    1.0000    1.0000    1.0000    1.0000    1.0000    1.0000
  Avg T                      5.1200    8.4400   21.0950   80.8500  141.7350  150.0000  150.0000  148.2600

TREX: TAFS
  FDR                        0.1036    0.1099    0.1550    0.2352    0.4684    0.6927    0.8182    0.8364
  sd_FDR                     0.0898    0.0900    0.1100    0.1396    0.1629    0.2202    0.3009    0.3495
  TPR                        0.9385    0.9105    0.8505    0.7170    0.4570    0.1860    0.0380    0.0090
  sd_TPR                     0.1074    0.0969    0.1232    0.1368    0.1441    0.1315    0.0646    0.0287
  Avg L                      1.0500    1.0100    1.0000    1.0000    1.0000    1.3650    2.7300    3.0800
  Avg T                      8.2500    7.4700    7.4650    7.5600    7.0150    7.3050    7.9550    7.9400

TREX: TOMP
  FDR                        0.0801    0.0849    0.0981    0.1616    0.3726    0.5609    0.2675    0.1500
  sd_FDR                     0.0767    0.0878    0.0941    0.1591    0.2350    0.3655    0.4395    0.3580
  TPR                        0.9350    0.8800    0.7935    0.5905    0.3405    0.0950    0.0040    0.0010
  sd_TPR                     0.1159    0.1121    0.1446    0.1489    0.1368    0.0944    0.0196    0.0100
  Avg L                      1.0700    1.0250    1.0350    1.1100    1.4700    2.2850    2.3600    1.6400
  Avg T                      8.2650    7.6000    7.4050    6.9850    7.0100    7.2250    7.7750    8.0000

