
==============================================================================
  DA-TRex MC: da_equi_rho_snr5  (MC=200)
  Equi 2D sweep, SNR=5, n=300, p=1000, support=Random
==============================================================================

  Rho                             0      0.03      0.05      0.10      0.20      0.40      0.70      0.90
---------------------------------------------------------------------------------------------------------

TREX-DA+EQUI: TLARS
  FDR                        0.1580    0.0005    0.0000    0.0000    0.0000    0.0000    0.0000    0.0000
  sd_FDR                     0.0850    0.0064    0.0000    0.0000    0.0000    0.0000    0.0000    0.0000
  TPR                        1.0000    0.0050    0.0000    0.0000    0.0000    0.0000    0.0000    0.0000
  sd_TPR                     0.0000    0.0707    0.0000    0.0000    0.0000    0.0000    0.0000    0.0000
  Avg L                      1.0000    1.0000    1.0000    1.0000    1.0000    1.0000    1.0000    1.0000
  Avg T                      7.2700  149.2750  150.0000  150.0000  150.0000  150.0000  150.0000  150.0000

TREX-DA+EQUI: TAFS
  FDR                        0.1459    0.0005    0.0000    0.0000    0.0000    0.0000    0.0000    0.0000
  sd_FDR                     0.0701    0.0064    0.0000    0.0000    0.0000    0.0000    0.0000    0.0000
  TPR                        1.0000    0.0050    0.0000    0.0000    0.0000    0.0000    0.0000    0.0000
  sd_TPR                     0.0000    0.0707    0.0000    0.0000    0.0000    0.0000    0.0000    0.0000
  Avg L                      1.0000    1.0000    1.0000    1.0000    1.0000    1.0000    1.0000    1.0000
  Avg T                      9.0100    8.0100    8.0000    8.0000    8.0000    8.0000    8.0000    8.0000

TREX-DA+EQUI: TOMP
  FDR                        0.1263    0.0005    0.0000    0.0000    0.0000    0.0000    0.0000    0.0350
  sd_FDR                     0.0664    0.0064    0.0000    0.0000    0.0000    0.0000    0.0000    0.1842
  TPR                        1.0000    0.0050    0.0000    0.0000    0.0000    0.0000    0.0000    0.0015
  sd_TPR                     0.0000    0.0707    0.0000    0.0000    0.0000    0.0000    0.0000    0.0122
  Avg L                      1.0000    1.0000    1.0000    1.0000    1.0000    1.0000    1.0250    1.2050
  Avg T                      8.7200    8.0350    8.0000    8.0000    8.0000    8.0000    8.0000    8.0000

TREX: TLARS
  FDR                        0.1626    0.3966    0.5911    0.7336    0.7947    0.8356    0.8659    0.9242
  sd_FDR                     0.0798    0.1398    0.1109    0.0561    0.0409    0.0340    0.0323    0.0377
  TPR                        1.0000    1.0000    1.0000    1.0000    1.0000    0.9865    0.7525    0.2725
  sd_TPR                     0.0000    0.0000    0.0000    0.0000    0.0000    0.0384    0.1326    0.1276
  Avg L                      1.0000    1.0000    1.0000    1.0000    1.0000    1.0000    1.0000    1.0000
  Avg T                      7.1450    8.7500   22.5700   91.0000  145.4300  150.0000  150.0000  150.0000

TREX: TAFS
  FDR                        0.1445    0.1607    0.1750    0.2074    0.1890    0.2230    0.4173    0.8077
  sd_FDR                     0.0675    0.0741    0.0638    0.0622    0.0570    0.1050    0.2544    0.2547
  TPR                        1.0000    1.0000    1.0000    1.0000    0.9995    0.8510    0.2655    0.0585
  sd_TPR                     0.0000    0.0000    0.0000    0.0000    0.0071    0.1303    0.1441    0.0682
  Avg L                      1.0000    1.0000    1.0000    1.0000    1.0000    1.0000    2.2300    2.8450
  Avg T                      9.1200    9.5450    9.3050    9.3550    8.9850    8.1450    8.0000    8.0800

TREX: TOMP
  FDR                        0.1253    0.1123    0.1073    0.0980    0.0654    0.0917    0.0625    0.0450
  sd_FDR                     0.0620    0.0597    0.0540    0.0546    0.0580    0.1299    0.2049    0.2078
  TPR                        1.0000    1.0000    1.0000    1.0000    0.9980    0.6425    0.0405    0.0020
  sd_TPR                     0.0000    0.0000    0.0000    0.0000    0.0140    0.1688    0.0681    0.0140
  Avg L                      1.0000    1.0000    1.0000    1.0000    1.0000    1.1300    2.5200    1.2850
  Avg T                      8.7650    8.6350    8.5700    8.5500    8.4950    6.5000    7.6450    7.9700

