
==============================================================================
  DA-TRex MC: da_equi_rho_snr0p5  (MC=200)
  Equi 2D sweep, SNR=0.5, n=300, p=1000, support=Random
==============================================================================

  Rho                          0.00      0.03      0.05      0.10      0.20      0.40      0.70      0.90
---------------------------------------------------------------------------------------------------------

TREX-DA+EQUI: TLARS
  FDR                        0.1046    0.0015    0.0000    0.0000    0.0000    0.0000    0.0000    0.0000
  sd_FDR                     0.1438    0.0212    0.0000    0.0000    0.0000    0.0000    0.0000    0.0000
  TPR                        0.4010    0.0035    0.0000    0.0000    0.0000    0.0000    0.0000    0.0000
  sd_TPR                     0.2145    0.0495    0.0000    0.0000    0.0000    0.0000    0.0000    0.0000
  Avg L                      3.0900    1.0050    1.0000    1.0000    1.0000    1.0000    1.0000    1.0000
  Avg T                      7.4800  149.3000  150.0000  150.0000  150.0000  150.0000  150.0000  150.0000

TREX-DA+EQUI: TAFS
  FDR                        0.0645    0.0000    0.0000    0.0000    0.0000    0.0000    0.0000    0.0000
  sd_FDR                     0.1162    0.0000    0.0000    0.0000    0.0000    0.0000    0.0000    0.0000
  TPR                        0.4035    0.0020    0.0000    0.0000    0.0000    0.0000    0.0000    0.0000
  sd_TPR                     0.2358    0.0283    0.0000    0.0000    0.0000    0.0000    0.0000    0.0000
  Avg L                      2.8650    1.0100    1.0000    1.0000    1.0000    1.0000    1.0000    1.0000
  Avg T                      7.2200    8.0050    8.0000    8.0000    8.0000    8.0000    8.0000    8.0000

TREX-DA+EQUI: TOMP
  FDR                        0.0428    0.0000    0.0000    0.0000    0.0000    0.0000    0.2300    0.2050
  sd_FDR                     0.0956    0.0000    0.0000    0.0000    0.0000    0.0000    0.4219    0.4047
  TPR                        0.3450    0.0015    0.0000    0.0000    0.0000    0.0000    0.0005    0.0010
  sd_TPR                     0.2296    0.0212    0.0000    0.0000    0.0000    0.0000    0.0071    0.0100
  Avg L                      2.7250    1.0100    1.0000    1.0000    1.0000    1.0000    2.0000    1.8600
  Avg T                      7.3500    8.0000    8.0000    8.0000    8.0000    8.0000    8.0000    8.0000

TREX: TLARS
  FDR                        0.1035    0.3581    0.6349    0.7690    0.8474    0.9086    0.9530    0.9717
  sd_FDR                     0.1432    0.1915    0.1262    0.0685    0.0652    0.0505    0.0496    0.0558
  TPR                        0.3915    0.6200    0.7310    0.6725    0.5000    0.2695    0.0890    0.0280
  sd_TPR                     0.2152    0.1843    0.1440    0.1439    0.1556    0.1408    0.0918    0.0513
  Avg L                      3.1200    1.7650    1.1550    1.0000    1.0000    1.0000    1.0000    1.0150
  Avg T                      6.8050    9.0850   17.6350   57.5950  118.1900  147.2950  146.9600  135.1150

TREX: TAFS
  FDR                        0.0653    0.1617    0.2752    0.4492    0.6483    0.8275    0.8665    0.8496
  sd_FDR                     0.1195    0.1673    0.1978    0.1790    0.1801    0.1780    0.2931    0.3453
  TPR                        0.3955    0.4375    0.4520    0.3680    0.2285    0.0865    0.0160    0.0050
  sd_TPR                     0.2296    0.1755    0.1507    0.1302    0.1166    0.0866    0.0381    0.0218
  Avg L                      3.0000    2.0450    1.5150    1.1850    1.1250    1.5950    3.1650    3.2500
  Avg T                      7.9300    7.2600    6.6000    6.2500    6.0300    7.1450    7.7550    7.7300

TREX: TOMP
  FDR                        0.0403    0.1032    0.2027    0.3510    0.5725    0.6696    0.3200    0.2050
  sd_FDR                     0.0966    0.1570    0.2216    0.2453    0.2702    0.3787    0.4676    0.4047
  TPR                        0.3395    0.3585    0.3535    0.2705    0.1570    0.0440    0.0010    0.0010
  sd_TPR                     0.2264    0.1678    0.1503    0.1155    0.1020    0.0590    0.0100    0.0100
  Avg L                      2.8400    2.3550    2.1000    1.9000    2.0600    2.6050    2.4750    1.8650
  Avg T                      7.0900    7.6650    7.4350    6.9650    7.1850    7.5400    7.9300    8.0000

