
==============================================================================
  DA-TRex MC: da_nn_snr_capped  (MC=200)
  NN kappa=3, rho=0.7, n=300, p=1000, support=CappedSpread(max_gap=20)
==============================================================================

Solver             Metric    SNR      0.10      0.20      0.50         1         2         5
--------------------------------------------------------------------------------------------
TREX-DA+NN: TLARS  FDR              0.0000    0.0000    0.0511    0.1004    0.1087    0.1331
                   sd_FDR           0.0000    0.0000    0.1247    0.1244    0.0967    0.0943
                   TPR              0.0000    0.0005    0.1185    0.6395    0.8695    0.9135
                   sd_TPR           0.0000    0.0071    0.1957    0.2025    0.1281    0.1016
                   Avg L            1.0000    1.0100    1.0450    1.0650    1.0050    1.0150
                   Avg T          139.0150  130.9300  134.6100  138.7950  140.5700  140.2250

TREX-DA+NN: TAFS   FDR              0.0000    0.0000    0.0403    0.0707    0.0988    0.1063
                   sd_FDR           0.0000    0.0000    0.1219    0.0834    0.0655    0.0635
                   TPR              0.0000    0.0000    0.1400    0.8040    0.9705    0.9685
                   sd_TPR           0.0000    0.0000    0.2180    0.1851    0.0499    0.0526
                   Avg L            1.0050    1.0100    1.0600    1.0550    1.0150    1.0000
                   Avg T            7.9500    7.9250    7.9450    7.8800    7.9400    8.0000

TREX-DA+NN: TOMP   FDR              0.0000    0.0000    0.0419    0.0627    0.0850    0.0797
                   sd_FDR           0.0000    0.0000    0.1302    0.0769    0.0652    0.0529
                   TPR              0.0000    0.0005    0.1325    0.8045    0.9840    0.9985
                   sd_TPR           0.0000    0.0071    0.2126    0.2130    0.0394    0.0122
                   Avg L            1.0050    1.0150    1.0350    1.0250    1.0000    1.0000
                   Avg T            7.9550    7.9900    7.9550    7.9400    8.0000    7.9900

TREX: TLARS        FDR              0.0358    0.0913    0.2591    0.2284    0.2532    0.2540
                   sd_FDR           0.1799    0.2301    0.1993    0.1318    0.1090    0.1105
                   TPR              0.0055    0.0455    0.4395    0.8585    0.9970    1.0000
                   sd_TPR           0.0229    0.0849    0.2049    0.1192    0.0198    0.0000
                   Avg L            2.2150    3.1000    2.7750    1.1450    1.0000    1.0000
                   Avg T            5.1900    4.5150    8.5400    5.9850    7.2650    8.0100

TREX: TAFS         FDR              0.0275    0.0612    0.1441    0.1020    0.1350    0.1943
                   sd_FDR           0.1601    0.2165    0.1821    0.0871    0.0730    0.0592
                   TPR              0.0060    0.0335    0.3490    0.8680    0.9875    1.0000
                   sd_TPR           0.0258    0.0644    0.2012    0.1267    0.0346    0.0000
                   Avg L            2.0900    3.0300    2.8250    1.0750    1.0000    1.0000
                   Avg T            5.9000    5.4950    7.0150    7.4850    8.9250    9.0050

TREX: TOMP         FDR              0.0275    0.0550    0.1216    0.0988    0.1115    0.1070
                   sd_FDR           0.1601    0.2061    0.1999    0.0876    0.0680    0.0578
                   TPR              0.0050    0.0280    0.3030    0.8720    0.9900    0.9995
                   sd_TPR           0.0240    0.0551    0.1980    0.1457    0.0317    0.0071
                   Avg L            2.0600    3.1800    2.8400    1.0950    1.0000    1.0000
                   Avg T            7.2750    7.2050    7.4850    7.5900    8.6300    8.3950

==============================================================================

