
==============================================================================
  DA-TRex MC: da_nn_ar_snr_rho  (MC=200)
  n=300, p=1000, s=10, tFDR=0.2, amplitude=3.0
==============================================================================

------------------------------------------------------------------------------
  Solver: TREX-DA+NN: TLARS
------------------------------------------------------------------------------

  [CappedSpread]

  mean_TPP
           Rho     0.10     0.20     0.30     0.40     0.50     0.60     0.70     0.80     0.90
  ---------------------------------------------------------------------------------------------
  SNR=0.10       0.0000   0.0000   0.0000   0.0000   0.0000   0.0000   0.0000   0.0030   0.0035
  SNR=0.20       0.0000   0.0000   0.0025   0.0010   0.0000   0.0010   0.0060   0.0280   0.0350
  SNR=0.50       0.0850   0.0965   0.1025   0.1040   0.1010   0.0930   0.1515   0.2825   0.2775
  SNR=1          0.6845   0.6835   0.7405   0.7410   0.6990   0.6860   0.6435   0.6255   0.5165
  SNR=2          0.9150   0.9210   0.9745   0.9650   0.9500   0.9155   0.8950   0.7750   0.6165
  SNR=5          0.9440   0.9470   0.9750   0.9735   0.9630   0.9430   0.9155   0.7980   0.6115

  sd_TPP
           Rho     0.10     0.20     0.30     0.40     0.50     0.60     0.70     0.80     0.90
  ---------------------------------------------------------------------------------------------
  SNR=0.10       0.0000   0.0000   0.0000   0.0000   0.0000   0.0000   0.0000   0.0198   0.0210
  SNR=0.20       0.0000   0.0000   0.0254   0.0141   0.0000   0.0141   0.0327   0.0738   0.0742
  SNR=0.50       0.1727   0.1863   0.1914   0.1982   0.1964   0.1726   0.1992   0.1847   0.1471
  SNR=1          0.2190   0.2370   0.1967   0.2132   0.2246   0.2008   0.2229   0.1681   0.1610
  SNR=2          0.1124   0.1045   0.0530   0.0519   0.0709   0.0914   0.1172   0.1431   0.1656
  SNR=5          0.0980   0.0907   0.0468   0.0486   0.0612   0.0824   0.1099   0.1463   0.1629

  mean_FDP
           Rho     0.10     0.20     0.30     0.40     0.50     0.60     0.70     0.80     0.90
  ---------------------------------------------------------------------------------------------
  SNR=0.10       0.0000   0.0000   0.0000   0.0000   0.0000   0.0000   0.0050   0.0192   0.1292
  SNR=0.20       0.0000   0.0000   0.0050   0.0017   0.0000   0.0017   0.0129   0.0895   0.3531
  SNR=0.50       0.0165   0.0203   0.0230   0.0251   0.0296   0.0281   0.0856   0.2848   0.6515
  SNR=1          0.0608   0.0630   0.0783   0.0797   0.0789   0.1015   0.1378   0.2646   0.5753
  SNR=2          0.0861   0.0904   0.1104   0.1185   0.1119   0.1259   0.1440   0.2275   0.5284
  SNR=5          0.0962   0.1060   0.1387   0.1364   0.1283   0.1271   0.1404   0.2200   0.5030

  sd_FDP
           Rho     0.10     0.20     0.30     0.40     0.50     0.60     0.70     0.80     0.90
  ---------------------------------------------------------------------------------------------
  SNR=0.10       0.0000   0.0000   0.0000   0.0000   0.0000   0.0000   0.0707   0.1285   0.3317
  SNR=0.20       0.0000   0.0000   0.0499   0.0236   0.0000   0.0236   0.0923   0.2462   0.4324
  SNR=0.50       0.0632   0.0800   0.0758   0.0846   0.1050   0.0852   0.1572   0.2436   0.1780
  SNR=1          0.0905   0.0970   0.1012   0.0946   0.0990   0.1119   0.1339   0.1579   0.1314
  SNR=2          0.0862   0.0905   0.0846   0.0878   0.0896   0.0980   0.1082   0.1374   0.1134
  SNR=5          0.0787   0.0805   0.0751   0.0781   0.0824   0.0904   0.0969   0.1266   0.1176

  [Random]

  mean_TPP
           Rho     0.10     0.20     0.30     0.40     0.50     0.60     0.70     0.80     0.90
  ---------------------------------------------------------------------------------------------
  SNR=0.10       0.0000   0.0000   0.0000   0.0000   0.0000   0.0000   0.0025   0.0045   0.0040
  SNR=0.20       0.0010   0.0000   0.0000   0.0005   0.0010   0.0010   0.0095   0.0345   0.0335
  SNR=0.50       0.1165   0.1155   0.1300   0.1285   0.0955   0.1215   0.1830   0.2760   0.2320
  SNR=1          0.6805   0.6955   0.7430   0.7235   0.6920   0.6605   0.6305   0.5940   0.4785
  SNR=2          0.9185   0.9220   0.9565   0.9480   0.9215   0.8875   0.8405   0.7450   0.6220
  SNR=5          0.9425   0.9475   0.9680   0.9595   0.9360   0.9190   0.8635   0.7670   0.6260

  sd_TPP
           Rho     0.10     0.20     0.30     0.40     0.50     0.60     0.70     0.80     0.90
  ---------------------------------------------------------------------------------------------
  SNR=0.10       0.0000   0.0000   0.0000   0.0000   0.0000   0.0000   0.0186   0.0231   0.0196
  SNR=0.20       0.0141   0.0000   0.0000   0.0071   0.0141   0.0141   0.0396   0.0699   0.0667
  SNR=0.50       0.2207   0.2065   0.2199   0.2289   0.1908   0.2035   0.2171   0.1805   0.1568
  SNR=1          0.2363   0.2125   0.1986   0.2176   0.2371   0.2303   0.2206   0.1798   0.1782
  SNR=2          0.1182   0.1052   0.0754   0.0913   0.1065   0.1268   0.1439   0.1640   0.1748
  SNR=5          0.1020   0.0929   0.0663   0.0702   0.0941   0.1118   0.1353   0.1654   0.1708

  mean_FDP
           Rho     0.10     0.20     0.30     0.40     0.50     0.60     0.70     0.80     0.90
  ---------------------------------------------------------------------------------------------
  SNR=0.10       0.0000   0.0000   0.0000   0.0000   0.0000   0.0000   0.0192   0.0542   0.1008
  SNR=0.20       0.0025   0.0000   0.0000   0.0000   0.0000   0.0000   0.0258   0.1112   0.2685
  SNR=0.50       0.0223   0.0231   0.0322   0.0267   0.0170   0.0507   0.0942   0.2769   0.5442
  SNR=1          0.0702   0.0748   0.0841   0.0839   0.0967   0.1027   0.1530   0.2600   0.4936
  SNR=2          0.0844   0.0954   0.1188   0.1115   0.1103   0.1227   0.1490   0.2253   0.4299
  SNR=5          0.1002   0.1004   0.1321   0.1297   0.1267   0.1258   0.1457   0.2212   0.4046

  sd_FDP
           Rho     0.10     0.20     0.30     0.40     0.50     0.60     0.70     0.80     0.90
  ---------------------------------------------------------------------------------------------
  SNR=0.10       0.0000   0.0000   0.0000   0.0000   0.0000   0.0000   0.1184   0.2216   0.2937
  SNR=0.20       0.0354   0.0000   0.0000   0.0000   0.0000   0.0000   0.1295   0.2721   0.4012
  SNR=0.50       0.0678   0.0755   0.0929   0.0860   0.0673   0.1217   0.1689   0.2507   0.2666
  SNR=1          0.0947   0.0961   0.0968   0.1007   0.1036   0.1153   0.1328   0.1645   0.1659
  SNR=2          0.0830   0.0894   0.0933   0.0917   0.0862   0.1076   0.1052   0.1317   0.1450
  SNR=5          0.0848   0.0857   0.0834   0.0828   0.0852   0.0918   0.0960   0.1287   0.1423

------------------------------------------------------------------------------
  Solver: TREX-DA+NN: TAFS
------------------------------------------------------------------------------

  [CappedSpread]

  mean_TPP
           Rho     0.10     0.20     0.30     0.40     0.50     0.60     0.70     0.80     0.90
  ---------------------------------------------------------------------------------------------
  SNR=0.10       0.0000   0.0000   0.0000   0.0000   0.0000   0.0000   0.0005   0.0030   0.0045
  SNR=0.20       0.0000   0.0000   0.0015   0.0010   0.0000   0.0000   0.0105   0.0250   0.0215
  SNR=0.50       0.1275   0.1535   0.1470   0.1605   0.1605   0.1550   0.1920   0.2565   0.2115
  SNR=1          0.8395   0.8545   0.9015   0.9060   0.8880   0.8625   0.8435   0.7560   0.4965
  SNR=2          0.9670   0.9680   0.9955   0.9955   0.9895   0.9825   0.9705   0.9220   0.7130
  SNR=5          0.9645   0.9705   0.9900   0.9850   0.9720   0.9685   0.9645   0.9445   0.8355

  sd_TPP
           Rho     0.10     0.20     0.30     0.40     0.50     0.60     0.70     0.80     0.90
  ---------------------------------------------------------------------------------------------
  SNR=0.10       0.0000   0.0000   0.0000   0.0000   0.0000   0.0000   0.0071   0.0171   0.0208
  SNR=0.20       0.0000   0.0000   0.0158   0.0141   0.0000   0.0000   0.0442   0.0608   0.0510
  SNR=0.50       0.2244   0.2381   0.2404   0.2589   0.2494   0.2393   0.2302   0.1828   0.1364
  SNR=1          0.1818   0.1603   0.1391   0.1255   0.1402   0.1667   0.1721   0.1578   0.1723
  SNR=2          0.0851   0.0768   0.0208   0.0208   0.0307   0.0406   0.0499   0.0809   0.1365
  SNR=5          0.0890   0.0742   0.0301   0.0358   0.0461   0.0517   0.0625   0.0755   0.1134

  mean_FDP
           Rho     0.10     0.20     0.30     0.40     0.50     0.60     0.70     0.80     0.90
  ---------------------------------------------------------------------------------------------
  SNR=0.10       0.0000   0.0000   0.0000   0.0000   0.0000   0.0000   0.0050   0.0300   0.1375
  SNR=0.20       0.0000   0.0000   0.0042   0.0025   0.0000   0.0000   0.0187   0.0992   0.3438
  SNR=0.50       0.0203   0.0160   0.0236   0.0251   0.0342   0.0464   0.0840   0.2522   0.5836
  SNR=1          0.0554   0.0547   0.0663   0.0703   0.0750   0.0832   0.1152   0.2051   0.4416
  SNR=2          0.0890   0.0919   0.1130   0.1089   0.1078   0.1032   0.1111   0.1575   0.3413
  SNR=5          0.0856   0.0897   0.1170   0.1163   0.1136   0.1186   0.1165   0.1407   0.2766

  sd_FDP
           Rho     0.10     0.20     0.30     0.40     0.50     0.60     0.70     0.80     0.90
  ---------------------------------------------------------------------------------------------
  SNR=0.10       0.0000   0.0000   0.0000   0.0000   0.0000   0.0000   0.0707   0.1635   0.3360
  SNR=0.20       0.0000   0.0000   0.0424   0.0354   0.0000   0.0000   0.1138   0.2709   0.4445
  SNR=0.50       0.0662   0.0557   0.0764   0.0784   0.1039   0.1327   0.1566   0.2467   0.2305
  SNR=1          0.0784   0.0753   0.0764   0.0756   0.0845   0.0850   0.1011   0.1253   0.1726
  SNR=2          0.0743   0.0709   0.0653   0.0580   0.0600   0.0599   0.0660   0.0894   0.1330
  SNR=5          0.0688   0.0690   0.0590   0.0545   0.0577   0.0633   0.0612   0.0708   0.1109

  [Random]

  mean_TPP
           Rho     0.10     0.20     0.30     0.40     0.50     0.60     0.70     0.80     0.90
  ---------------------------------------------------------------------------------------------
  SNR=0.10       0.0000   0.0000   0.0000   0.0000   0.0000   0.0000   0.0020   0.0050   0.0040
  SNR=0.20       0.0000   0.0000   0.0020   0.0000   0.0000   0.0020   0.0100   0.0275   0.0300
  SNR=0.50       0.1710   0.1725   0.1945   0.1885   0.1800   0.1780   0.1920   0.2700   0.1950
  SNR=1          0.8440   0.8500   0.8820   0.8760   0.8740   0.8505   0.8080   0.7210   0.5030
  SNR=2          0.9630   0.9635   0.9870   0.9860   0.9830   0.9720   0.9545   0.8950   0.7150
  SNR=5          0.9635   0.9660   0.9845   0.9710   0.9665   0.9505   0.9425   0.9275   0.8200

  sd_TPP
           Rho     0.10     0.20     0.30     0.40     0.50     0.60     0.70     0.80     0.90
  ---------------------------------------------------------------------------------------------
  SNR=0.10       0.0000   0.0000   0.0000   0.0000   0.0000   0.0000   0.0172   0.0240   0.0196
  SNR=0.20       0.0000   0.0000   0.0199   0.0000   0.0000   0.0199   0.0347   0.0575   0.0576
  SNR=0.50       0.2569   0.2474   0.2718   0.2515   0.2568   0.2558   0.2193   0.1785   0.1424
  SNR=1          0.1875   0.1779   0.1493   0.1583   0.1654   0.1650   0.1836   0.1721   0.1826
  SNR=2          0.0937   0.0816   0.0474   0.0481   0.0461   0.0541   0.0693   0.1102   0.1520
  SNR=5          0.0920   0.0773   0.0438   0.0554   0.0604   0.0757   0.0921   0.0982   0.1284

  mean_FDP
           Rho     0.10     0.20     0.30     0.40     0.50     0.60     0.70     0.80     0.90
  ---------------------------------------------------------------------------------------------
  SNR=0.10       0.0000   0.0000   0.0000   0.0000   0.0000   0.0000   0.0167   0.0617   0.1075
  SNR=0.20       0.0000   0.0000   0.0000   0.0000   0.0050   0.0000   0.0283   0.1507   0.3083
  SNR=0.50       0.0225   0.0235   0.0355   0.0355   0.0315   0.0447   0.1042   0.2638   0.5247
  SNR=1          0.0561   0.0610   0.0724   0.0724   0.0706   0.0878   0.1262   0.1996   0.4090
  SNR=2          0.0838   0.0889   0.1090   0.1066   0.1081   0.1062   0.1086   0.1570   0.3076
  SNR=5          0.0912   0.0920   0.1107   0.1113   0.1078   0.1195   0.1118   0.1308   0.2452

  sd_FDP
           Rho     0.10     0.20     0.30     0.40     0.50     0.60     0.70     0.80     0.90
  ---------------------------------------------------------------------------------------------
  SNR=0.10       0.0000   0.0000   0.0000   0.0000   0.0000   0.0000   0.1133   0.2388   0.3085
  SNR=0.20       0.0000   0.0000   0.0000   0.0000   0.0707   0.0000   0.1338   0.3217   0.4255
  SNR=0.50       0.0758   0.0726   0.1091   0.0927   0.0852   0.1085   0.1953   0.2531   0.2962
  SNR=1          0.0714   0.0799   0.0827   0.0799   0.0821   0.0928   0.1035   0.1377   0.1830
  SNR=2          0.0721   0.0681   0.0677   0.0663   0.0720   0.0696   0.0748   0.1007   0.1456
  SNR=5          0.0738   0.0735   0.0672   0.0662   0.0654   0.0677   0.0605   0.0756   0.1214

------------------------------------------------------------------------------
  Solver: TREX-DA+NN: TOMP
------------------------------------------------------------------------------

  [CappedSpread]

  mean_TPP
           Rho     0.10     0.20     0.30     0.40     0.50     0.60     0.70     0.80     0.90
  ---------------------------------------------------------------------------------------------
  SNR=0.10       0.0000   0.0000   0.0000   0.0000   0.0000   0.0000   0.0005   0.0035   0.0040
  SNR=0.20       0.0000   0.0000   0.0000   0.0005   0.0010   0.0000   0.0070   0.0190   0.0205
  SNR=0.50       0.1330   0.1245   0.1470   0.1340   0.1410   0.1355   0.1570   0.2245   0.1660
  SNR=1          0.8455   0.8355   0.8800   0.8820   0.8790   0.8585   0.8330   0.7590   0.4485
  SNR=2          0.9700   0.9705   0.9965   0.9990   0.9990   0.9940   0.9830   0.9355   0.7270
  SNR=5          0.9680   0.9735   0.9985   0.9995   0.9995   1.0000   0.9985   0.9845   0.8555

  sd_TPP
           Rho     0.10     0.20     0.30     0.40     0.50     0.60     0.70     0.80     0.90
  ---------------------------------------------------------------------------------------------
  SNR=0.10       0.0000   0.0000   0.0000   0.0000   0.0000   0.0000   0.0071   0.0184   0.0196
  SNR=0.20       0.0000   0.0000   0.0000   0.0071   0.0141   0.0000   0.0325   0.0485   0.0484
  SNR=0.50       0.2132   0.2151   0.2344   0.2222   0.2206   0.2214   0.2092   0.1741   0.1324
  SNR=1          0.1859   0.2093   0.1939   0.1867   0.1718   0.1903   0.1846   0.1636   0.1668
  SNR=2          0.0868   0.0756   0.0184   0.0100   0.0100   0.0238   0.0402   0.0763   0.1381
  SNR=5          0.0867   0.0740   0.0122   0.0071   0.0071   0.0000   0.0158   0.0390   0.1133

  mean_FDP
           Rho     0.10     0.20     0.30     0.40     0.50     0.60     0.70     0.80     0.90
  ---------------------------------------------------------------------------------------------
  SNR=0.10       0.0000   0.0000   0.0000   0.0000   0.0000   0.0000   0.0050   0.0450   0.1200
  SNR=0.20       0.0000   0.0000   0.0000   0.0025   0.0017   0.0000   0.0125   0.0933   0.3258
  SNR=0.50       0.0210   0.0158   0.0222   0.0157   0.0254   0.0338   0.0696   0.2460   0.5853
  SNR=1          0.0449   0.0477   0.0564   0.0568   0.0569   0.0757   0.1090   0.1843   0.4387
  SNR=2          0.0689   0.0762   0.0924   0.0859   0.0827   0.0858   0.0909   0.1268   0.3093
  SNR=5          0.0734   0.0758   0.0926   0.0914   0.0883   0.0782   0.0774   0.0819   0.2038

  sd_FDP
           Rho     0.10     0.20     0.30     0.40     0.50     0.60     0.70     0.80     0.90
  ---------------------------------------------------------------------------------------------
  SNR=0.10       0.0000   0.0000   0.0000   0.0000   0.0000   0.0000   0.0707   0.2017   0.3180
  SNR=0.20       0.0000   0.0000   0.0000   0.0354   0.0236   0.0000   0.1056   0.2794   0.4411
  SNR=0.50       0.0736   0.0634   0.0985   0.0623   0.0819   0.1162   0.1491   0.2676   0.2749
  SNR=1          0.0732   0.0725   0.0738   0.0700   0.0698   0.0858   0.1007   0.1318   0.1764
  SNR=2          0.0671   0.0675   0.0587   0.0587   0.0587   0.0621   0.0668   0.0917   0.1372
  SNR=5          0.0725   0.0673   0.0606   0.0604   0.0587   0.0568   0.0555   0.0677   0.1249

  [Random]

  mean_TPP
           Rho     0.10     0.20     0.30     0.40     0.50     0.60     0.70     0.80     0.90
  ---------------------------------------------------------------------------------------------
  SNR=0.10       0.0000   0.0000   0.0000   0.0000   0.0000   0.0000   0.0030   0.0050   0.0050
  SNR=0.20       0.0000   0.0000   0.0000   0.0000   0.0000   0.0000   0.0095   0.0275   0.0280
  SNR=0.50       0.1475   0.1570   0.1685   0.1560   0.1540   0.1350   0.1790   0.2380   0.1660
  SNR=1          0.8255   0.8380   0.8805   0.8540   0.8660   0.8360   0.8005   0.7035   0.4725
  SNR=2          0.9725   0.9735   0.9910   0.9910   0.9920   0.9860   0.9670   0.9120   0.7075
  SNR=5          0.9740   0.9735   0.9925   0.9940   0.9955   0.9960   0.9910   0.9665   0.8535

  sd_TPP
           Rho     0.10     0.20     0.30     0.40     0.50     0.60     0.70     0.80     0.90
  ---------------------------------------------------------------------------------------------
  SNR=0.10       0.0000   0.0000   0.0000   0.0000   0.0000   0.0000   0.0198   0.0240   0.0218
  SNR=0.20       0.0000   0.0000   0.0000   0.0000   0.0000   0.0000   0.0383   0.0511   0.0513
  SNR=0.50       0.2362   0.2399   0.2378   0.2363   0.2203   0.2135   0.1979   0.1649   0.1405
  SNR=1          0.2248   0.1885   0.1741   0.2010   0.1855   0.1799   0.1956   0.1911   0.1899
  SNR=2          0.0879   0.0760   0.0391   0.0391   0.0338   0.0389   0.0568   0.0911   0.1629
  SNR=5          0.0864   0.0767   0.0361   0.0327   0.0271   0.0262   0.0391   0.0561   0.1088

  mean_FDP
           Rho     0.10     0.20     0.30     0.40     0.50     0.60     0.70     0.80     0.90
  ---------------------------------------------------------------------------------------------
  SNR=0.10       0.0000   0.0000   0.0000   0.0000   0.0000   0.0000   0.0217   0.0567   0.1025
  SNR=0.20       0.0000   0.0000   0.0000   0.0000   0.0000   0.0000   0.0267   0.1342   0.2908
  SNR=0.50       0.0169   0.0165   0.0152   0.0237   0.0283   0.0400   0.0983   0.2317   0.4991
  SNR=1          0.0496   0.0548   0.0609   0.0547   0.0584   0.0745   0.1050   0.1981   0.4042
  SNR=2          0.0735   0.0704   0.0891   0.0879   0.0850   0.0847   0.0877   0.1325   0.2938
  SNR=5          0.0689   0.0707   0.0856   0.0868   0.0875   0.0837   0.0717   0.0855   0.1783

  sd_FDP
           Rho     0.10     0.20     0.30     0.40     0.50     0.60     0.70     0.80     0.90
  ---------------------------------------------------------------------------------------------
  SNR=0.10       0.0000   0.0000   0.0000   0.0000   0.0000   0.0000   0.1329   0.2294   0.3020
  SNR=0.20       0.0000   0.0000   0.0000   0.0000   0.0000   0.0000   0.1499   0.3120   0.4327
  SNR=0.50       0.0600   0.0605   0.0623   0.0760   0.0881   0.1367   0.1932   0.2646   0.3494
  SNR=1          0.0666   0.0748   0.0790   0.0730   0.0759   0.0863   0.1036   0.1453   0.1941
  SNR=2          0.0684   0.0646   0.0641   0.0627   0.0653   0.0637   0.0735   0.0950   0.1584
  SNR=5          0.0677   0.0675   0.0616   0.0689   0.0617   0.0589   0.0634   0.0728   0.1106

==============================================================================

