
==============================================================================
  DA-TRex MC: da_nn_snr_random  (MC=200)
  NN kappa=3, rho=0.7, n=300, p=1000, support=Random (per-trial)
==============================================================================

  SNR                          0.10      0.20      0.50         1         2         5
-------------------------------------------------------------------------------------

TREX-DA+NN: TLARS
  FDR                        0.0050    0.0000    0.0523    0.1111    0.1267    0.1305
  sd_FDR                     0.0707    0.0000    0.1286    0.1306    0.1022    0.1039
  TPR                        0.0000    0.0000    0.1035    0.6215    0.8655    0.8880
  sd_TPR                     0.0000    0.0000    0.1797    0.2288    0.1430    0.1343
  Avg L                      1.0200    1.0000    1.0850    1.0650    1.0250    1.0100
  Avg T                    137.9000  135.2800  134.2400  141.1750  142.7200  141.7200

TREX-DA+NN: TAFS
  FDR                        0.0050    0.0000    0.0390    0.0797    0.1036    0.1083
  sd_FDR                     0.0707    0.0000    0.1011    0.0987    0.0705    0.0720
  TPR                        0.0000    0.0000    0.1380    0.7505    0.9580    0.9590
  sd_TPR                     0.0000    0.0000    0.2107    0.2353    0.0675    0.0696
  Avg L                      1.0300    1.0000    1.0900    1.0950    1.0100    1.0000
  Avg T                      7.9700    7.9800    7.8800    7.9050    7.9800    8.0000

TREX-DA+NN: TOMP
  FDR                        0.0050    0.0030    0.0399    0.0679    0.0865    0.0765
  sd_FDR                     0.0707    0.0424    0.1254    0.0932    0.0586    0.0629
  TPR                        0.0000    0.0010    0.1260    0.7650    0.9685    0.9895
  sd_TPR                     0.0000    0.0141    0.2033    0.2296    0.0654    0.0430
  Avg L                      1.0200    1.0000    1.0750    1.0950    1.0050    1.0000
  Avg T                      7.9800    7.9700    7.9700    8.0050    8.0000    8.0000

TREX: TLARS
  FDR                        0.0367    0.1108    0.2336    0.2290    0.2567    0.2737
  sd_FDR                     0.1828    0.2628    0.2007    0.1368    0.1111    0.1114
  TPR                        0.0080    0.0445    0.4300    0.8650    0.9955    1.0000
  sd_TPR                     0.0323    0.0728    0.1793    0.1318    0.0231    0.0000
  Avg L                      2.2650    3.4650    2.5350    1.1600    1.0000    1.0000
  Avg T                      4.0150    4.7850    7.1550    6.4000    7.5300    7.9250

TREX: TAFS
  FDR                        0.0275    0.0667    0.1437    0.1112    0.1399    0.1905
  sd_FDR                     0.1601    0.2273    0.1877    0.1080    0.0750    0.0634
  TPR                        0.0065    0.0315    0.3500    0.8460    0.9845    1.0000
  sd_TPR                     0.0285    0.0606    0.1802    0.1459    0.0426    0.0000
  Avg L                      2.2150    3.4850    2.6650    1.1250    1.0000    1.0000
  Avg T                      5.4150    5.5850    7.0900    7.2150    9.0250    9.1100

TREX: TOMP
  FDR                        0.0375    0.0626    0.1177    0.0965    0.1140    0.1107
  sd_FDR                     0.1803    0.2201    0.1775    0.0991    0.0565    0.0632
  TPR                        0.0060    0.0295    0.3320    0.8390    0.9820    1.0000
  sd_TPR                     0.0258    0.0574    0.1834    0.1724    0.0457    0.0000
  Avg L                      2.3300    3.3150    2.5950    1.1200    1.0000    1.0000
  Avg T                      7.3700    6.9400    7.4600    7.4300    8.5950    8.5750

