
==============================================================================
  DA-TRex MC: da_nn_kappa_rho  (MC=200)
  n=300, p=1000, s=10, SNR=2, tFDR=0.2, amplitude=3.0
==============================================================================

------------------------------------------------------------------------------
  Solver: TREX-DA+NN: TLARS
------------------------------------------------------------------------------

  [CappedSpread]

  mean_TPP
           Rho     0.10     0.30     0.50     0.70     0.80     0.90
  ------------------------------------------------------------------
  Kappa=1        0.9230   0.9695   0.9645   0.9415   0.9450   0.9505
  Kappa=2        0.9195   0.9655   0.9450   0.9110   0.8805   0.8835
  Kappa=3        0.9190   0.9730   0.9495   0.8875   0.8830   0.8440
  Kappa=5        0.9335   0.9695   0.9460   0.8800   0.8355   0.7790
  Kappa=7        0.9195   0.9740   0.9450   0.8835   0.7875   0.7280
  Kappa=10       0.9230   0.9715   0.9480   0.8820   0.7620   0.6835
  Kappa=15       0.9260   0.9740   0.9380   0.8625   0.7785   0.6410

  sd_TPP
           Rho     0.10     0.30     0.50     0.70     0.80     0.90
  ------------------------------------------------------------------
  Kappa=1        0.1137   0.0569   0.0609   0.0822   0.0742   0.0723
  Kappa=2        0.1119   0.0598   0.0768   0.1011   0.1222   0.1088
  Kappa=3        0.1184   0.0582   0.0796   0.1156   0.1269   0.1381
  Kappa=5        0.1004   0.0603   0.0762   0.1160   0.1299   0.1568
  Kappa=7        0.1172   0.0523   0.0721   0.1275   0.1453   0.1471
  Kappa=10       0.1164   0.0495   0.0750   0.1223   0.1535   0.1490
  Kappa=15       0.1117   0.0504   0.0799   0.1258   0.1546   0.1648

  mean_FDP
           Rho     0.10     0.30     0.50     0.70     0.80     0.90
  ------------------------------------------------------------------
  Kappa=1        0.0833   0.1091   0.1049   0.1036   0.1019   0.1011
  Kappa=2        0.0840   0.1121   0.1045   0.0981   0.1025   0.1015
  Kappa=3        0.0879   0.1110   0.1056   0.1187   0.1103   0.1047
  Kappa=5        0.0876   0.1127   0.1185   0.1354   0.1365   0.1568
  Kappa=7        0.0822   0.1103   0.1124   0.1483   0.1722   0.2433
  Kappa=10       0.0882   0.1193   0.1177   0.1405   0.2047   0.2733
  Kappa=15       0.0979   0.1106   0.1038   0.1278   0.1927   0.3876

  sd_FDP
           Rho     0.10     0.30     0.50     0.70     0.80     0.90
  ------------------------------------------------------------------
  Kappa=1        0.0800   0.0792   0.0809   0.0852   0.0922   0.0877
  Kappa=2        0.0866   0.0977   0.0966   0.0975   0.0983   0.0959
  Kappa=3        0.0831   0.0840   0.0922   0.0984   0.0956   0.1034
  Kappa=5        0.0876   0.0878   0.0901   0.0948   0.1087   0.1170
  Kappa=7        0.0829   0.0825   0.0910   0.1021   0.1288   0.1334
  Kappa=10       0.0928   0.0910   0.0979   0.1020   0.1379   0.1406
  Kappa=15       0.0846   0.0905   0.0965   0.1012   0.1347   0.1491

  [Random]

  mean_TPP
           Rho     0.10     0.30     0.50     0.70     0.80     0.90
  ------------------------------------------------------------------
  Kappa=1        0.9080   0.9555   0.9460   0.9300   0.9215   0.9195
  Kappa=2        0.9265   0.9565   0.9215   0.8745   0.8625   0.8505
  Kappa=3        0.9225   0.9600   0.9190   0.8505   0.8285   0.7920
  Kappa=5        0.9240   0.9585   0.9225   0.8550   0.7800   0.7255
  Kappa=7        0.9310   0.9580   0.9200   0.8295   0.7315   0.6815
  Kappa=10       0.9300   0.9640   0.9245   0.8495   0.7475   0.6460
  Kappa=15       0.9095   0.9520   0.9045   0.8360   0.7445   0.6030

  sd_TPP
           Rho     0.10     0.30     0.50     0.70     0.80     0.90
  ------------------------------------------------------------------
  Kappa=1        0.1390   0.0813   0.0907   0.0977   0.1012   0.1031
  Kappa=2        0.1192   0.0720   0.1017   0.1248   0.1358   0.1456
  Kappa=3        0.1149   0.0743   0.1024   0.1330   0.1485   0.1531
  Kappa=5        0.1104   0.0711   0.1005   0.1403   0.1500   0.1566
  Kappa=7        0.1039   0.0785   0.1012   0.1556   0.1709   0.1713
  Kappa=10       0.0992   0.0723   0.1015   0.1371   0.1540   0.1597
  Kappa=15       0.1286   0.0802   0.1127   0.1530   0.1665   0.1656

  mean_FDP
           Rho     0.10     0.30     0.50     0.70     0.80     0.90
  ------------------------------------------------------------------
  Kappa=1        0.0864   0.1023   0.1022   0.1028   0.1093   0.1052
  Kappa=2        0.0888   0.1283   0.1243   0.1185   0.1082   0.1037
  Kappa=3        0.0752   0.1004   0.1052   0.1266   0.1174   0.1172
  Kappa=5        0.0829   0.1060   0.1110   0.1244   0.1468   0.1751
  Kappa=7        0.0864   0.1202   0.1272   0.1597   0.2092   0.2606
  Kappa=10       0.0837   0.1141   0.1149   0.1493   0.2040   0.2814
  Kappa=15       0.0914   0.1153   0.1291   0.1518   0.2123   0.3778

  sd_FDP
           Rho     0.10     0.30     0.50     0.70     0.80     0.90
  ------------------------------------------------------------------
  Kappa=1        0.0788   0.0850   0.0912   0.0961   0.0945   0.0910
  Kappa=2        0.0912   0.1007   0.0983   0.1024   0.1052   0.1076
  Kappa=3        0.0783   0.0828   0.0893   0.1094   0.1095   0.1117
  Kappa=5        0.0861   0.0819   0.0904   0.1048   0.1151   0.1172
  Kappa=7        0.0918   0.0866   0.0985   0.1132   0.1336   0.1426
  Kappa=10       0.0825   0.0940   0.1024   0.1230   0.1392   0.1660
  Kappa=15       0.0871   0.0899   0.0998   0.1121   0.1354   0.1611

------------------------------------------------------------------------------
  Solver: TREX-DA+NN: TAFS
------------------------------------------------------------------------------

  [CappedSpread]

  mean_TPP
           Rho     0.10     0.30     0.50     0.70     0.80     0.90
  ------------------------------------------------------------------
  Kappa=1        0.9625   0.9930   0.9960   0.9950   0.9925   0.9905
  Kappa=2        0.9660   0.9930   0.9945   0.9890   0.9790   0.9795
  Kappa=3        0.9685   0.9960   0.9955   0.9770   0.9645   0.9530
  Kappa=5        0.9650   0.9955   0.9930   0.9650   0.9395   0.9055
  Kappa=7        0.9630   0.9945   0.9935   0.9725   0.9290   0.8580
  Kappa=10       0.9630   0.9965   0.9950   0.9655   0.9095   0.8050
  Kappa=15       0.9725   0.9945   0.9920   0.9685   0.9140   0.7675

  sd_TPP
           Rho     0.10     0.30     0.50     0.70     0.80     0.90
  ------------------------------------------------------------------
  Kappa=1        0.0927   0.0256   0.0196   0.0218   0.0264   0.0294
  Kappa=2        0.0882   0.0256   0.0229   0.0314   0.0444   0.0452
  Kappa=3        0.0889   0.0196   0.0208   0.0434   0.0584   0.0649
  Kappa=5        0.0878   0.0208   0.0256   0.0547   0.0756   0.0963
  Kappa=7        0.0974   0.0250   0.0247   0.0501   0.0799   0.0994
  Kappa=10       0.0931   0.0210   0.0218   0.0572   0.0900   0.1302
  Kappa=15       0.0743   0.0229   0.0272   0.0536   0.0919   0.1288

  mean_FDP
           Rho     0.10     0.30     0.50     0.70     0.80     0.90
  ------------------------------------------------------------------
  Kappa=1        0.0874   0.1124   0.1091   0.1162   0.1091   0.1135
  Kappa=2        0.0904   0.1108   0.1042   0.1084   0.1094   0.1113
  Kappa=3        0.0848   0.1098   0.1044   0.1079   0.1120   0.1231
  Kappa=5        0.0967   0.1108   0.1056   0.1118   0.1403   0.1658
  Kappa=7        0.0915   0.1166   0.1123   0.1134   0.1418   0.2053
  Kappa=10       0.0924   0.1093   0.1123   0.1213   0.1671   0.2599
  Kappa=15       0.0880   0.1077   0.1131   0.1212   0.1596   0.2919

  sd_FDP
           Rho     0.10     0.30     0.50     0.70     0.80     0.90
  ------------------------------------------------------------------
  Kappa=1        0.0685   0.0573   0.0627   0.0665   0.0660   0.0669
  Kappa=2        0.0724   0.0665   0.0665   0.0682   0.0630   0.0675
  Kappa=3        0.0700   0.0567   0.0594   0.0559   0.0711   0.0763
  Kappa=5        0.0758   0.0601   0.0593   0.0664   0.0787   0.0966
  Kappa=7        0.0740   0.0629   0.0591   0.0678   0.0897   0.1048
  Kappa=10       0.0740   0.0691   0.0617   0.0735   0.0917   0.1363
  Kappa=15       0.0686   0.0584   0.0655   0.0658   0.0939   0.1214

  [Random]

  mean_TPP
           Rho     0.10     0.30     0.50     0.70     0.80     0.90
  ------------------------------------------------------------------
  Kappa=1        0.9525   0.9880   0.9925   0.9885   0.9840   0.9830
  Kappa=2        0.9615   0.9925   0.9825   0.9670   0.9610   0.9585
  Kappa=3        0.9685   0.9915   0.9825   0.9630   0.9435   0.9215
  Kappa=5        0.9610   0.9895   0.9835   0.9495   0.9200   0.8740
  Kappa=7        0.9640   0.9855   0.9825   0.9495   0.8990   0.8145
  Kappa=10       0.9675   0.9915   0.9830   0.9525   0.8805   0.7680
  Kappa=15       0.9520   0.9855   0.9825   0.9440   0.8790   0.7105

  sd_TPP
           Rho     0.10     0.30     0.50     0.70     0.80     0.90
  ------------------------------------------------------------------
  Kappa=1        0.1084   0.0408   0.0346   0.0439   0.0485   0.0522
  Kappa=2        0.0996   0.0346   0.0442   0.0651   0.0700   0.0682
  Kappa=3        0.0812   0.0372   0.0485   0.0652   0.0774   0.0907
  Kappa=5        0.0907   0.0430   0.0446   0.0730   0.0880   0.1062
  Kappa=7        0.0897   0.0442   0.0535   0.0789   0.1066   0.1365
  Kappa=10       0.0789   0.0329   0.0471   0.0722   0.1164   0.1333
  Kappa=15       0.1098   0.0464   0.0475   0.0793   0.1141   0.1545

  mean_FDP
           Rho     0.10     0.30     0.50     0.70     0.80     0.90
  ------------------------------------------------------------------
  Kappa=1        0.0898   0.1034   0.1043   0.1075   0.1117   0.1122
  Kappa=2        0.0923   0.1086   0.1106   0.1147   0.1130   0.1189
  Kappa=3        0.0825   0.0987   0.1081   0.1204   0.1232   0.1372
  Kappa=5        0.0859   0.1012   0.1022   0.1063   0.1428   0.1804
  Kappa=7        0.0930   0.1084   0.1075   0.1198   0.1577   0.2308
  Kappa=10       0.0910   0.0993   0.1008   0.1110   0.1693   0.2634
  Kappa=15       0.0837   0.1133   0.1087   0.1199   0.1790   0.3183

  sd_FDP
           Rho     0.10     0.30     0.50     0.70     0.80     0.90
  ------------------------------------------------------------------
  Kappa=1        0.0694   0.0638   0.0669   0.0662   0.0646   0.0642
  Kappa=2        0.0733   0.0701   0.0688   0.0702   0.0742   0.0761
  Kappa=3        0.0667   0.0616   0.0638   0.0660   0.0782   0.0782
  Kappa=5        0.0707   0.0634   0.0641   0.0718   0.0879   0.1065
  Kappa=7        0.0723   0.0683   0.0672   0.0776   0.0977   0.1239
  Kappa=10       0.0724   0.0704   0.0734   0.0758   0.1137   0.1302
  Kappa=15       0.0732   0.0654   0.0691   0.0823   0.1058   0.1430

------------------------------------------------------------------------------
  Solver: TREX-DA+NN: TOMP
------------------------------------------------------------------------------

  [CappedSpread]

  mean_TPP
           Rho     0.10     0.30     0.50     0.70     0.80     0.90
  ------------------------------------------------------------------
  Kappa=1        0.9660   0.9950   0.9995   1.0000   0.9990   0.9995
  Kappa=2        0.9720   0.9965   1.0000   0.9965   0.9945   0.9940
  Kappa=3        0.9690   0.9975   0.9990   0.9900   0.9765   0.9695
  Kappa=5        0.9655   0.9980   0.9985   0.9820   0.9550   0.9265
  Kappa=7        0.9685   0.9990   0.9980   0.9850   0.9480   0.8885
  Kappa=10       0.9730   1.0000   0.9985   0.9780   0.9350   0.8305
  Kappa=15       0.9720   0.9985   0.9975   0.9760   0.9335   0.7950

  sd_TPP
           Rho     0.10     0.30     0.50     0.70     0.80     0.90
  ------------------------------------------------------------------
  Kappa=1        0.0927   0.0240   0.0071   0.0000   0.0100   0.0071
  Kappa=2        0.0840   0.0184   0.0000   0.0184   0.0250   0.0258
  Kappa=3        0.0893   0.0157   0.0100   0.0301   0.0491   0.0542
  Kappa=5        0.0872   0.0172   0.0122   0.0434   0.0693   0.0905
  Kappa=7        0.0944   0.0100   0.0140   0.0358   0.0709   0.0998
  Kappa=10       0.0861   0.0000   0.0122   0.0482   0.0755   0.1212
  Kappa=15       0.0988   0.0122   0.0186   0.0483   0.0846   0.1243

  mean_FDP
           Rho     0.10     0.30     0.50     0.70     0.80     0.90
  ------------------------------------------------------------------
  Kappa=1        0.0745   0.0849   0.0846   0.0871   0.0885   0.0864
  Kappa=2        0.0735   0.0893   0.0894   0.0852   0.0919   0.0892
  Kappa=3        0.0682   0.0905   0.0837   0.0937   0.1017   0.1075
  Kappa=5        0.0746   0.0869   0.0852   0.0910   0.1135   0.1365
  Kappa=7        0.0773   0.0905   0.0887   0.0910   0.1157   0.1620
  Kappa=10       0.0702   0.0889   0.0921   0.0996   0.1345   0.2198
  Kappa=15       0.0710   0.0893   0.0876   0.1042   0.1338   0.2529

  sd_FDP
           Rho     0.10     0.30     0.50     0.70     0.80     0.90
  ------------------------------------------------------------------
  Kappa=1        0.0696   0.0563   0.0618   0.0587   0.0665   0.0604
  Kappa=2        0.0708   0.0626   0.0618   0.0630   0.0646   0.0669
  Kappa=3        0.0672   0.0529   0.0566   0.0579   0.0658   0.0737
  Kappa=5        0.0640   0.0568   0.0523   0.0627   0.0772   0.0954
  Kappa=7        0.0695   0.0582   0.0571   0.0641   0.0882   0.1036
  Kappa=10       0.0701   0.0654   0.0587   0.0723   0.0887   0.1234
  Kappa=15       0.0606   0.0593   0.0664   0.0685   0.0959   0.1259

  [Random]

  mean_TPP
           Rho     0.10     0.30     0.50     0.70     0.80     0.90
  ------------------------------------------------------------------
  Kappa=1        0.9580   0.9925   0.9975   0.9895   0.9870   0.9885
  Kappa=2        0.9700   0.9955   0.9915   0.9800   0.9750   0.9695
  Kappa=3        0.9720   0.9960   0.9895   0.9720   0.9540   0.9485
  Kappa=5        0.9640   0.9910   0.9925   0.9635   0.9350   0.8850
  Kappa=7        0.9705   0.9955   0.9910   0.9680   0.9175   0.8265
  Kappa=10       0.9805   0.9965   0.9915   0.9670   0.9010   0.7915
  Kappa=15       0.9590   0.9960   0.9905   0.9570   0.8940   0.7205

  sd_TPP
           Rho     0.10     0.30     0.50     0.70     0.80     0.90
  ------------------------------------------------------------------
  Kappa=1        0.1048   0.0300   0.0211   0.0442   0.0474   0.0461
  Kappa=2        0.0924   0.0271   0.0372   0.0558   0.0574   0.0628
  Kappa=3        0.0797   0.0262   0.0393   0.0594   0.0715   0.0723
  Kappa=5        0.0902   0.0428   0.0346   0.0635   0.0849   0.1129
  Kappa=7        0.0879   0.0271   0.0439   0.0624   0.1020   0.1394
  Kappa=10       0.0655   0.0232   0.0344   0.0635   0.1042   0.1344
  Kappa=15       0.1033   0.0242   0.0370   0.0676   0.1146   0.1478

  mean_FDP
           Rho     0.10     0.30     0.50     0.70     0.80     0.90
  ------------------------------------------------------------------
  Kappa=1        0.0701   0.0828   0.0862   0.0883   0.0910   0.0933
  Kappa=2        0.0693   0.0848   0.0907   0.0926   0.0937   0.0980
  Kappa=3        0.0696   0.0771   0.0845   0.0917   0.1094   0.1219
  Kappa=5        0.0694   0.0797   0.0755   0.0967   0.1200   0.1564
  Kappa=7        0.0737   0.0861   0.0855   0.0905   0.1287   0.2067
  Kappa=10       0.0688   0.0816   0.0795   0.0954   0.1469   0.2323
  Kappa=15       0.0705   0.0851   0.0873   0.1098   0.1606   0.2962

  sd_FDP
           Rho     0.10     0.30     0.50     0.70     0.80     0.90
  ------------------------------------------------------------------
  Kappa=1        0.0631   0.0573   0.0601   0.0683   0.0697   0.0676
  Kappa=2        0.0682   0.0654   0.0658   0.0701   0.0702   0.0785
  Kappa=3        0.0634   0.0600   0.0626   0.0691   0.0725   0.0812
  Kappa=5        0.0592   0.0616   0.0568   0.0693   0.0949   0.1123
  Kappa=7        0.0674   0.0681   0.0642   0.0723   0.0936   0.1302
  Kappa=10       0.0667   0.0666   0.0683   0.0751   0.1085   0.1294
  Kappa=15       0.0678   0.0619   0.0684   0.0790   0.1077   0.1434

==============================================================================

