
======================================================================
=== T-Rex SPCA Results (averaged over 200 MC trials) ===
======================================================================

Method                Metric   SNR(dB)     -10.0      -7.0      -5.0      -3.0       0.0       3.0       5.0       7.0      10.0
--------------------------------------------------------------------------------------------------------------------------------
OrdPCA                FDR                 0.9500    0.9500    0.9500    0.9500    0.9500    0.9500    0.9500    0.9500    0.9500
                      TPR                 1.0000    1.0000    1.0000    1.0000    1.0000    1.0000    1.0000    1.0000    1.0000
                      PEV                 0.2016    0.2617    0.3246    0.4047    0.5500    0.6977    0.7823    0.8487    0.9174

OraclePCA             FDR                 0.0090    0.0000    0.0010    0.0000    0.0000    0.0000    0.0000    0.0000    0.0000
                      TPR                 0.9910    1.0000    0.9990    1.0000    1.0000    1.0000    1.0000    1.0000    1.0000
                      PEV                 0.1227    0.1937    0.2624    0.3483    0.5056    0.6626    0.7493    0.8178    0.8888

TRexSPCA-EN-Act       FDR                 0.1348    0.0886    0.0806    0.0761    0.0602    0.0746    0.0792    0.0878    0.1026
                      TPR                 0.9940    1.0000    1.0000    1.0000    1.0000    1.0000    1.0000    1.0000    1.0000
                      PEV                 0.1199    0.1863    0.2518    0.3302    0.4748    0.6038    0.6718    0.7149    0.7500

TRexSPCA-EN-Thr       FDR                 0.1336    0.0886    0.0806    0.0761    0.0602    0.0746    0.0792    0.0878    0.1026
                      TPR                 0.9960    1.0000    1.0000    1.0000    1.0000    1.0000    1.0000    1.0000    1.0000
                      PEV                 0.1237    0.1914    0.2579    0.3428    0.4960    0.6497    0.7346    0.8003    0.8763

TRexSPCA-ENaug-TLARS-ActFDR                 0.0000    0.0000    0.0000    0.0000    0.0000    0.0000    0.0000    0.0000    0.0000
                      TPR                 0.0000    0.0000    0.0000    0.0000    0.0000    0.0000    0.0000    0.0000    0.0000
                      PEV                 0.0000    0.0000    0.0000    0.0000    0.0000    0.0000    0.0000    0.0000    0.0000

TRexSPCA-ENaug-TLARS-ThrFDR                 0.0000    0.0000    0.0000    0.0000    0.0000    0.0000    0.0000    0.0000    0.0000
                      TPR                 0.0000    0.0000    0.0000    0.0000    0.0000    0.0000    0.0000    0.0000    0.0000
                      PEV                 0.0000    0.0000    0.0000    0.0000    0.0000    0.0000    0.0000    0.0000    0.0000

TRexSPCA-ENaug-TLASSO-ActFDR                 0.0000    0.0000    0.0000    0.0000    0.0000    0.0000    0.0000    0.0000    0.0000
                      TPR                 0.0000    0.0000    0.0000    0.0000    0.0000    0.0000    0.0000    0.0000    0.0000
                      PEV                 0.0000    0.0000    0.0000    0.0000    0.0000    0.0000    0.0000    0.0000    0.0000

TRexSPCA-ENaug-TLASSO-ThrFDR                 0.0000    0.0000    0.0000    0.0000    0.0000    0.0000    0.0000    0.0000    0.0000
                      TPR                 0.0000    0.0000    0.0000    0.0000    0.0000    0.0000    0.0000    0.0000    0.0000
                      PEV                 0.0000    0.0000    0.0000    0.0000    0.0000    0.0000    0.0000    0.0000    0.0000

