
======================================================================
=== T-Rex Results (averaged over 10 Monte Carlo runs) ===
======================================================================

Solver         Metric    SNR       0.1       0.5       1.0       2.0       5.0
------------------------------------------------------------------------------
TLARS          FDR              0.0000    0.0500    0.0091    0.0273    0.0273
               TPR              0.0000    0.1600    0.7800    1.0000    1.0000

TLASSO         FDR              0.0000    0.0900    0.0100    0.0455    0.0182
               TPR              0.0000    0.2300    0.7700    0.9900    1.0000

TENET          FDR              0.0000    0.0711    0.0125    0.0364    0.0348
               TPR              0.0000    0.2200    0.7100    0.9900    1.0000

TSTAGEWISE     FDR              0.0000    0.0811    0.0091    0.0182    0.0273
               TPR              0.0000    0.2200    0.7000    0.9900    1.0000

TSTEPWISE      FDR              0.0000    0.0533    0.0347    0.0182    0.0182
               TPR              0.0000    0.2500    0.8200    1.0000    1.0000

TOMP           FDR              0.0000    0.0333    0.0267    0.0182    0.0182
               TPR              0.0000    0.2000    0.8600    1.0000    1.0000

TGP            FDR              0.0000    0.0583    0.0407    0.0182    0.0091
               TPR              0.0000    0.2400    0.8700    1.0000    1.0000

TACGP          FDR              0.0000    0.0583    0.0313    0.0182    0.0091
               TPR              0.0000    0.2100    0.8900    1.0000    1.0000

TMP            FDR              0.0000    0.0583    0.0327    0.0182    0.0273
               TPR              0.0000    0.2000    0.8400    1.0000    1.0000

TAFS_rho_0.3   FDR              0.0000    0.0400    0.0200    0.0182    0.0182
               TPR              0.0000    0.2300    0.9200    1.0000    1.0000

TAFS_rho_1.0   FDR              0.0000    0.0450    0.0191    0.0182    0.0273
               TPR              0.0000    0.2300    0.9400    1.0000    1.0000

TNCGMP_v1      FDR              0.0000    0.0583    0.0327    0.0182    0.0091
               TPR              0.0000    0.2200    0.8200    1.0000    1.0000

TNCGMP_v0      FDR              0.0000    0.0533    0.0345    0.0182    0.0091
               TPR              0.0000    0.2600    0.7700    1.0000    1.0000

TOOLS          FDR              0.0000    0.0583    0.0333    0.0182    0.0182
               TPR              0.0000    0.1900    0.8700    1.0000    1.0000

