
======================================================================
=== T-Rex Results (averaged over 10 Monte Carlo runs) ===
======================================================================

Solver         Metric    SNR       0.1       0.2       0.3       0.4       0.5       0.6       0.7       0.8       0.9       1.0       1.1       1.2       1.3       1.4       1.5       1.6       1.7       1.8       1.9       2.0       5.0
----------------------------------------------------------------------------------------------------------------------------------------------------------------------------------------------------------------------------------------------
SKIPL_5p       FDR              0.0000    0.0000    0.0000    0.0400    0.0143    0.0167    0.0540    0.0250    0.0622    0.0522    0.0291    0.0273    0.0473    0.0697    0.0491    0.0373    0.0694    0.0384    0.0621    0.0341    0.0413
               TPR              0.0000    0.0000    0.0000    0.2100    0.1000    0.2400    0.4300    0.5300    0.7900    0.8300    0.8100    0.9200    0.8700    0.9400    0.9300    0.9600    0.9800    0.9800    0.9900    0.9800    1.0000
               Avg L            5.0000    5.0000    5.0000    5.0000    5.0000    5.0000    5.0000    5.0000    5.0000    5.0000    5.0000    5.0000    5.0000    5.0000    5.0000    5.0000    5.0000    5.0000    5.0000    5.0000    5.0000
               Avg T            3.2000    3.2000    2.2000    2.8000    2.6000    2.5000    4.5000    5.3000    7.6000    7.5000    6.6000    8.1000    8.0000    8.4000    7.2000    7.9000    8.3000    7.6000    8.4000    7.2000    6.8000

SKIPL_10p      FDR              0.0000    0.0000    0.0000    0.1129    0.0143    0.0167    0.1166    0.0490    0.0511    0.0633    0.0382    0.0382    0.0712    0.0682    0.0348    0.0455    0.0424    0.0278    0.0515    0.0322    0.0348
               TPR              0.0000    0.0000    0.0300    0.2900    0.1900    0.3400    0.5000    0.7200    0.7900    0.8200    0.8800    0.9200    0.9000    0.9500    0.9500    0.9700    1.0000    0.9800    1.0000    0.9900    1.0000
               Avg L           10.0000   10.0000   10.0000   10.0000   10.0000   10.0000   10.0000   10.0000   10.0000   10.0000   10.0000   10.0000   10.0000   10.0000   10.0000   10.0000   10.0000   10.0000   10.0000   10.0000   10.0000
               Avg T            4.1000    3.9000    4.1000    6.7000    5.6000    6.2000    8.8000   11.6000   10.3000   11.4000   12.4000   11.2000   12.8000   11.3000   11.1000    9.8000   10.6000    8.3000   10.3000    9.7000    6.7000

SKIPL_20p      FDR              0.1000    0.1500    0.0000    0.0867    0.0143    0.0560    0.0937    0.0254    0.0343    0.0536    0.0191    0.0100    0.0455    0.0448    0.0348    0.0267    0.0293    0.0091    0.0348    0.0091    0.0273
               TPR              0.0200    0.0200    0.0500    0.3000    0.2300    0.4200    0.5100    0.6000    0.7700    0.8100    0.8000    0.8900    0.8600    0.9300    0.9400    0.9700    0.9700    0.9700    1.0000    0.9800    1.0000
               Avg L           20.0000   20.0000   20.0000   20.0000   20.0000   20.0000   20.0000   20.0000   20.0000   20.0000   20.0000   20.0000   20.0000   20.0000   20.0000   20.0000   20.0000   20.0000   20.0000   20.0000   20.0000
               Avg T            5.8000    5.7000    6.1000    9.2000    8.2000   10.8000   11.2000   12.5000   12.4000   13.9000   12.6000   10.7000   12.5000   11.0000   12.9000   12.0000   11.0000    9.0000   12.2000   10.0000    6.4000

SKIPL_50p      FDR              0.1000    0.1500    0.0000    0.0000    0.0000    0.0000    0.0593    0.0000    0.0286    0.0143    0.0100    0.0000    0.0125    0.0100    0.0167    0.0000    0.0216    0.0000    0.0091    0.0091    0.0091
               TPR              0.0100    0.0200    0.0600    0.2400    0.2300    0.3300    0.4100    0.5200    0.6700    0.6400    0.6700    0.8500    0.7400    0.8600    0.8700    0.9100    0.9200    0.9700    0.9300    0.9300    1.0000
               Avg L           50.0000   50.0000   50.0000   50.0000   50.0000   50.0000   50.0000   50.0000   50.0000   50.0000   50.0000   50.0000   50.0000   50.0000   50.0000   50.0000   50.0000   50.0000   50.0000   50.0000   50.0000
               Avg T            6.4000    6.5000    6.9000    8.2000   10.3000   10.8000    9.0000   11.8000   11.7000   11.3000   11.3000   14.6000   12.3000   10.7000   14.5000   10.6000   11.1000   11.1000    9.5000   11.4000    6.7000

