
==============================================================================
  DA-TRex MC: da_ar1_blk_snr_Complete  (MC=200)
  AR(1)-block SNR sweep  n=150  M=5  Q=5  p=25  s=5  rho=0.700000  linkage=Complete
==============================================================================

Solver          Metric    SNR      0.10      0.20      0.50      0.60         1         2         5
---------------------------------------------------------------------------------------------------
TREX-DA: TLARS  FDR              0.0204    0.0885    0.1117    0.1128    0.1086    0.1152    0.1008
                sd_FDR           0.1104    0.2413    0.1798    0.1726    0.1525    0.1578    0.1481
                TPR              0.0360    0.1080    0.5680    0.6080    0.8320    0.8290    0.8570
                sd_TPR           0.1130    0.1973    0.3135    0.3156    0.1999    0.2135    0.1927
                Avg L            1.7450    2.3000    2.4350    2.2300    1.9300    1.7050    1.7800
                Avg T            8.3350    9.6250   20.6200   21.0300   24.3950   21.9650   24.4250

TREX-DA: TAFS   FDR              0.0362    0.0847    0.1135    0.0864    0.0658    0.0782    0.1192
                sd_FDR           0.1701    0.2336    0.1738    0.1356    0.1086    0.1110    0.1447
                TPR              0.0310    0.1240    0.6400    0.7480    0.9110    0.8860    0.7680
                sd_TPR           0.1004    0.2108    0.3158    0.2654    0.1483    0.1396    0.1597
                Avg L            1.7900    2.3950    2.4400    2.2750    2.0100    1.7750    1.6500
                Avg T            5.3000    5.0350    6.2800    6.2100    7.0600    7.3250    7.1400

TREX-DA: TOMP   FDR              0.0220    0.0910    0.1123    0.0897    0.0451    0.0215    0.0198
                sd_FDR           0.1338    0.2493    0.1848    0.1434    0.0918    0.0596    0.0553
                TPR              0.0340    0.1070    0.6550    0.7850    0.9580    0.9920    0.9910
                sd_TPR           0.1025    0.1890    0.3027    0.2496    0.0974    0.0393    0.0503
                Avg L            1.8100    2.3650    2.4450    2.3850    1.9700    1.8800    1.8750
                Avg T            6.5700    5.8000    6.5000    7.0000    7.5800    7.7350    7.7150

==============================================================================

