
======================================================================
=== T-Rex Results (averaged over 10 Monte Carlo runs) ===
======================================================================

Solver         Metric    SNR       0.1       0.2       0.3       0.4       0.5       0.6       0.7       0.8       0.9       1.0       1.1       1.2       1.3       1.4       1.5       1.6       1.7       1.8       1.9       2.0       5.0
----------------------------------------------------------------------------------------------------------------------------------------------------------------------------------------------------------------------------------------------
TLARS          FDR              0.0000    0.0000    0.0000    0.0250    0.0143    0.0417    0.0875    0.0236    0.0504    0.0658    0.0202    0.0182    0.0382    0.0539    0.0400    0.0282    0.0373    0.0000    0.0348    0.0091    0.0348
               TPR              0.0200    0.0000    0.0300    0.2300    0.2100    0.3000    0.4600    0.6700    0.7100    0.7400    0.7700    0.8900    0.8500    0.9200    0.9300    0.9400    0.9800    0.9800    0.9600    0.9400    1.0000
               Avg L            4.7000    5.2000    5.9000    7.4000    7.8000    6.9000    5.5000    5.5000    4.2000    3.5000    4.9000    3.7000    3.0000    2.7000    2.6000    2.5000    2.3000    1.6000    3.3000    2.1000    1.1000
               Avg T            3.5000    2.4000    2.6000    4.1000    4.1000    3.9000    4.8000    6.2000    4.9000    5.3000    5.5000    5.7000    4.7000    4.8000    4.6000    5.0000    4.6000    4.3000    4.9000    4.2000    4.1000

TLASSO         FDR              0.0000    0.0000    0.0000    0.0583    0.0143    0.0000    0.0937    0.0111    0.0425    0.0354    0.0202    0.0282    0.0282    0.0469    0.0348    0.0211    0.0358    0.0293    0.0348    0.0191    0.0348
               TPR              0.0100    0.0100    0.0200    0.2600    0.1700    0.3300    0.4700    0.6100    0.7400    0.7800    0.7800    0.8800    0.8000    0.9100    0.9100    0.9300    0.9600    0.9800    0.9800    0.9500    1.0000
               Avg L            5.2000    5.3000    5.6000    8.1000    7.7000    6.9000    5.7000    4.6000    4.0000    3.4000    3.7000    3.3000    2.5000    2.4000    2.7000    2.0000    1.7000    2.3000    1.9000    2.1000    1.0000
               Avg T            2.9000    2.5000    2.3000    5.2000    4.1000    4.5000    5.9000    5.3000    5.7000    5.1000    5.0000    5.0000    4.2000    4.6000    4.8000    3.8000    3.6000    5.2000    4.6000    5.0000    4.5000

TENET          FDR              0.0000    0.0500    0.0000    0.0583    0.0143    0.0250    0.1300    0.0361    0.0504    0.0458    0.0311    0.0211    0.0560    0.0348    0.0556    0.0111    0.0473    0.0182    0.0273    0.0273    0.0273
               TPR              0.0100    0.0100    0.0500    0.2600    0.1700    0.3400    0.4400    0.5800    0.7100    0.7100    0.7500    0.8700    0.8400    0.9100    0.9100    0.9000    0.9300    0.9700    0.9600    0.9500    1.0000
               Avg L            5.2000    5.5000    6.1000    6.7000    7.4000    5.7000    5.2000    5.3000    3.7000    4.5000    5.0000    4.0000    4.6000    3.7000    3.7000    2.6000    2.0000    1.6000    2.1000    2.0000    1.0000
               Avg T            3.2000    2.9000    3.2000    3.6000    4.0000    3.6000    5.0000    6.0000    5.1000    5.8000    7.1000    4.9000    7.2000    5.4000    6.2000    3.9000    4.0000    4.0000    4.3000    3.9000    4.0000

TSTAGEWISE     FDR              0.0000    0.0000    0.0000    0.0200    0.0000    0.0000    0.0976    0.0222    0.0517    0.0533    0.0202    0.0373    0.0493    0.0539    0.0358    0.0391    0.0515    0.0182    0.0455    0.0091    0.0348
               TPR              0.0100    0.0100    0.0200    0.2200    0.1200    0.3000    0.4600    0.6300    0.7000    0.7700    0.8200    0.8900    0.8600    0.9000    0.9300    0.9300    0.9900    0.9700    0.9900    0.9600    1.0000
               Avg L            4.6000    5.4000    5.0000    6.9000    7.5000    5.6000    5.1000    5.5000    4.4000    3.4000    3.7000    3.8000    4.0000    2.8000    4.5000    2.9000    3.0000    3.2000    2.3000    2.3000    1.1000
               Avg T            2.9000    2.1000    2.4000    4.0000    3.6000    3.2000    5.1000    5.7000    5.5000    4.8000    5.1000    5.8000    6.2000    4.9000    6.7000    5.1000    5.6000    4.9000    5.2000    4.9000    4.4000

TSTEPWISE      FDR              0.0000    0.0000    0.0250    0.0000    0.0000    0.0200    0.0444    0.0125    0.0291    0.0000    0.0439    0.0348    0.0551    0.0273    0.0182    0.0000    0.0258    0.0091    0.0182    0.0091    0.0091
               TPR              0.0000    0.0100    0.0400    0.2000    0.1200    0.3100    0.4800    0.5800    0.7600    0.8100    0.9700    1.0000    0.9800    1.0000    1.0000    1.0000    1.0000    1.0000    1.0000    1.0000    1.0000
               Avg L            4.9000    5.2000    5.7000    7.9000    7.5000    6.9000    3.7000    4.2000    4.0000    3.7000    2.9000    2.5000    2.2000    1.7000    2.2000    1.2000    1.0000    1.2000    1.1000    1.2000    1.0000
               Avg T            4.2000    4.5000    4.0000    5.4000    4.5000    7.2000    5.2000    5.8000    6.1000    5.9000    4.7000    6.3000    5.1000    4.5000    4.7000    5.4000    4.9000    5.7000    5.0000    5.4000    4.8000

TOMP           FDR              0.0000    0.0000    0.0000    0.0000    0.0333    0.0000    0.0200    0.0225    0.0191    0.0200    0.0358    0.0348    0.0460    0.0364    0.0273    0.0182    0.0333    0.0182    0.0258    0.0000    0.0091
               TPR              0.0100    0.0000    0.0100    0.2400    0.1300    0.3100    0.4700    0.6200    0.8300    0.8300    0.9400    0.9900    0.9800    1.0000    1.0000    1.0000    1.0000    1.0000    1.0000    1.0000    1.0000
               Avg L            4.9000    5.7000    5.8000    7.2000    5.7000    8.4000    4.3000    3.5000    3.3000    3.7000    2.9000    2.8000    2.0000    1.4000    1.3000    1.2000    1.0000    1.2000    1.2000    1.1000    1.0000
               Avg T            4.9000    3.7000    3.2000    5.4000    4.6000    6.2000    4.7000    4.6000    5.3000    5.9000    6.5000    5.3000    5.6000    4.6000    4.4000    5.2000    5.1000    5.1000    6.0000    4.9000    5.4000

TGP            FDR              0.0000    0.0000    0.0000    0.0000    0.0000    0.0111    0.0644    0.0111    0.0191    0.0345    0.0091    0.0439    0.0384    0.0273    0.0091    0.0091    0.0258    0.0182    0.0091    0.0000    0.0091
               TPR              0.0000    0.0000    0.0100    0.2000    0.1400    0.3700    0.4400    0.6300    0.7900    0.8500    0.9700    1.0000    0.9500    1.0000    1.0000    1.0000    1.0000    1.0000    1.0000    1.0000    1.0000
               Avg L            3.8000    5.3000    6.2000    8.1000    7.1000    7.0000    4.8000    4.7000    5.0000    2.9000    3.4000    2.5000    1.9000    1.3000    1.3000    1.3000    1.0000    1.1000    1.1000    1.0000    1.1000
               Avg T            3.9000    4.7000    4.0000    4.8000    5.4000    6.6000    5.5000    5.5000    6.8000    5.0000    5.8000    6.2000    5.1000    5.1000    5.2000    5.1000    4.1000    5.0000    5.4000    4.7000    5.0000

TACGP          FDR              0.0000    0.0000    0.0000    0.0000    0.0000    0.0200    0.0533    0.0000    0.0191    0.0369    0.0273    0.0273    0.0384    0.0455    0.0273    0.0091    0.0333    0.0182    0.0182    0.0182    0.0182
               TPR              0.0000    0.0100    0.0200    0.1800    0.1400    0.3200    0.4100    0.4900    0.7900    0.8400    0.9400    0.9900    0.9600    1.0000    1.0000    1.0000    1.0000    1.0000    1.0000    1.0000    1.0000
               Avg L            4.7000    5.0000    5.3000    7.2000    6.8000    7.2000    5.7000    6.2000    4.4000    2.8000    3.0000    2.8000    2.4000    1.4000    1.4000    1.2000    1.1000    1.2000    1.1000    1.2000    1.3000
               Avg T            4.1000    4.6000    4.7000    4.3000    3.9000    5.4000    5.5000    6.7000    6.1000    5.0000    5.8000    5.6000    5.0000    4.4000    5.6000    5.5000    4.9000    5.2000    5.3000    5.3000    5.3000

TMP            FDR              0.0000    0.0000    0.0000    0.0000    0.0000    0.0143    0.0400    0.0000    0.0000    0.0143    0.0282    0.0273    0.0641    0.0273    0.0182    0.0091    0.0258    0.0091    0.0182    0.0091    0.0091
               TPR              0.0000    0.0100    0.0100    0.1800    0.1200    0.3100    0.4500    0.6000    0.8000    0.8100    0.9600    0.9800    0.9800    1.0000    1.0000    1.0000    1.0000    1.0000    1.0000    1.0000    1.0000
               Avg L            5.1000    5.5000    5.4000    8.0000    7.2000    6.9000    4.5000    5.1000    2.8000    3.9000    2.4000    2.8000    2.4000    1.6000    1.2000    1.4000    1.1000    1.2000    1.1000    1.1000    1.0000
               Avg T            4.1000    4.1000    3.3000    4.9000    3.9000    4.6000    4.6000    6.4000    6.3000    6.2000    5.1000    6.6000    4.8000    5.1000    4.6000    5.5000    5.7000    5.7000    5.9000    5.4000    5.5000

TAFS_rho_0.3   FDR              0.0000    0.1000    0.0000    0.0500    0.0000    0.0367    0.0311    0.0125    0.0234    0.0404    0.0182    0.0439    0.0418    0.0455    0.0091    0.0273    0.0348    0.0182    0.0091    0.0091    0.0091
               TPR              0.0100    0.0000    0.0300    0.1900    0.1700    0.3900    0.4800    0.6200    0.8300    0.8600    0.9700    0.9900    0.9400    0.9800    1.0000    1.0000    1.0000    1.0000    1.0000    1.0000    1.0000
               Avg L            5.0000    5.5000    5.0000    7.6000    7.1000    6.6000    4.2000    3.9000    4.8000    3.2000    2.7000    1.7000    3.3000    1.5000    1.5000    1.3000    1.4000    1.0000    1.0000    1.0000    1.0000
               Avg T            4.0000    3.8000    2.8000    4.6000    4.9000    6.0000    4.5000    4.7000    7.2000    5.0000    4.8000    3.5000    4.8000    4.2000    4.6000    4.9000    4.9000    4.3000    4.2000    5.1000    4.0000

TAFS_rho_1.0   FDR              0.0000    0.0000    0.0000    0.0333    0.0000    0.0250    0.0333    0.0125    0.0521    0.0191    0.0364    0.0530    0.0571    0.0273    0.0364    0.0273    0.0348    0.0091    0.0167    0.0091    0.0091
               TPR              0.0100    0.0100    0.0300    0.2400    0.1800    0.3600    0.4800    0.6000    0.8400    0.9100    0.9600    0.9800    0.9500    0.9800    1.0000    1.0000    1.0000    0.9900    1.0000    1.0000    1.0000
               Avg L            5.1000    5.3000    5.9000    6.7000    7.5000    6.9000    6.4000    4.5000    2.6000    2.4000    1.8000    1.8000    2.6000    1.4000    1.4000    1.1000    1.2000    1.2000    1.1000    1.0000    1.1000
               Avg T            3.6000    2.6000    2.6000    4.5000    4.2000    5.3000    5.6000    6.1000    5.5000    5.2000    4.1000    3.8000    5.9000    4.0000    6.4000    4.2000    4.5000    4.9000    4.2000    5.1000    4.4000

TNCGMP_v1      FDR              0.0000    0.0000    0.0000    0.0000    0.0000    0.0000    0.0333    0.0000    0.0182    0.0143    0.0273    0.0273    0.0641    0.0273    0.0273    0.0091    0.0258    0.0182    0.0258    0.0182    0.0091
               TPR              0.0000    0.0100    0.0200    0.2100    0.1400    0.3600    0.4000    0.5100    0.7400    0.8800    0.9800    0.9900    0.9600    1.0000    1.0000    1.0000    1.0000    1.0000    1.0000    1.0000    1.0000
               Avg L            5.1000    5.6000    5.0000    6.9000    6.8000    5.3000    5.0000    5.3000    3.8000    2.4000    1.9000    2.0000    2.0000    1.4000    1.3000    1.4000    1.0000    1.1000    1.1000    1.1000    1.1000
               Avg T            3.9000    4.6000    3.6000    4.5000    4.4000    5.6000    4.6000    5.5000    6.6000    5.6000    4.2000    6.7000    5.5000    4.8000    5.4000    5.2000    5.5000    5.5000    5.8000    5.5000    5.4000

TNCGMP_v0      FDR              0.0000    0.0000    0.0000    0.0500    0.0000    0.0000    0.0400    0.0000    0.0143    0.0369    0.0373    0.0282    0.0732    0.0364    0.0273    0.0091    0.0348    0.0182    0.0182    0.0182    0.0091
               TPR              0.0100    0.0000    0.0100    0.2100    0.1200    0.3400    0.4400    0.6200    0.7700    0.7700    0.9200    0.9700    0.9600    1.0000    1.0000    1.0000    1.0000    1.0000    1.0000    1.0000    1.0000
               Avg L            5.1000    5.6000    5.1000    6.3000    7.1000    6.9000    4.8000    5.6000    3.6000    3.0000    1.8000    1.7000    1.8000    1.7000    1.4000    1.4000    1.2000    1.2000    1.1000    1.2000    1.2000
               Avg T            4.7000    3.3000    2.7000    5.8000    5.1000    5.6000    5.6000    8.4000    6.4000    5.1000    4.6000    4.7000    4.9000    4.8000    5.1000    5.5000    6.2000    5.1000    4.9000    5.3000    5.4000

TOOLS          FDR              0.0000    0.0000    0.0000    0.0500    0.0000    0.0200    0.0200    0.0000    0.0200    0.0167    0.0182    0.0439    0.0551    0.0364    0.0182    0.0182    0.0348    0.0182    0.0091    0.0000    0.0091
               TPR              0.0000    0.0100    0.0100    0.1900    0.1300    0.3100    0.4100    0.5700    0.8000    0.8300    0.9700    1.0000    0.9400    1.0000    1.0000    1.0000    1.0000    1.0000    1.0000    1.0000    1.0000
               Avg L            5.0000    5.1000    5.8000    7.2000    7.3000    6.5000    6.1000    5.8000    4.3000    3.5000    1.9000    2.1000    1.7000    1.4000    1.5000    1.2000    1.2000    1.1000    1.1000    1.0000    1.0000
               Avg T            4.5000    4.1000    3.1000    6.0000    5.0000    4.9000    6.3000    7.5000    5.7000    5.5000    4.6000    5.8000    5.1000    4.9000    5.7000    4.6000    5.7000    5.4000    5.7000    5.3000    5.0000

