
======================================================================
=== T-Rex Results (averaged over 200 Monte Carlo runs) ===
======================================================================

Solver                Metric    SNR       0.1       0.2       0.3       0.4       0.5       0.6       0.7       0.8       0.9       1.0       1.1       1.2       1.3       1.4       1.5       1.6       1.7       1.8       1.9       2.0       5.0
-----------------------------------------------------------------------------------------------------------------------------------------------------------------------------------------------------------------------------------------------------
STANDARD              FDR              0.0025    0.0013    0.0112    0.0300    0.0170    0.0196    0.0198    0.0274    0.0231    0.0182    0.0292    0.0242    0.0267    0.0327    0.0286    0.0325    0.0267    0.0333    0.0280    0.0281    0.0302
                      TPR              0.0025    0.0145    0.0550    0.0975    0.2105    0.3180    0.4660    0.6335    0.7790    0.8760    0.9435    0.9615    0.9795    0.9900    0.9945    0.9975    0.9990    1.0000    0.9995    1.0000    1.0000
                      Avg L            2.7300    4.7200    6.0650    7.0650    6.3550    5.8150    4.3950    3.8450    3.3350    2.5200    2.1350    1.8600    1.6500    1.3950    1.3400    1.2900    1.2000    1.2150    1.2300    1.1700    1.1400
                      Avg T            5.3900    5.1600    5.2350    5.3050    5.7250    6.1350    6.1500    6.8050    6.6600    6.3000    6.0700    5.8950    6.0050    5.7000    5.6800    5.7900    5.6200    5.6300    5.5500    5.6400    5.6600

HCONCAT               FDR              0.0200    0.0042    0.0054    0.0128    0.0181    0.0195    0.0202    0.0221    0.0210    0.0170    0.0238    0.0269    0.0281    0.0317    0.0278    0.0289    0.0266    0.0345    0.0278    0.0310    0.0292
                      TPR              0.0010    0.0170    0.0460    0.0915    0.2040    0.3060    0.4440    0.6360    0.7680    0.8670    0.9330    0.9555    0.9775    0.9885    0.9925    0.9980    0.9990    1.0000    0.9995    0.9995    1.0000
                      Avg L            2.8800    5.0250    6.8050    7.5650    7.3250    6.3750    5.6200    4.4800    3.8800    2.9500    2.5450    2.0850    1.6800    1.4650    1.3250    1.3350    1.1800    1.2100    1.2100    1.1750    1.1200
                      Avg T            5.3900    5.2250    5.1100    5.4950    6.0800    6.3100    6.5800    7.0950    6.7900    6.4700    6.4100    6.1600    5.9600    5.8750    5.7950    5.7250    5.7700    5.5750    5.6450    5.7150    5.6200

PERMUTATION           FDR              0.0100    0.0042    0.0154    0.0270    0.0154    0.0147    0.0161    0.0238    0.0223    0.0171    0.0271    0.0239    0.0275    0.0308    0.0292    0.0311    0.0285    0.0323    0.0316    0.0297    0.0332
                      TPR              0.0015    0.0155    0.0435    0.0960    0.2060    0.3050    0.4445    0.6250    0.7690    0.8680    0.9360    0.9605    0.9795    0.9910    0.9945    0.9980    0.9990    1.0000    0.9995    1.0000    1.0000
                      Avg L            2.9150    5.2100    6.8200    7.3350    7.4450    6.7000    5.5650    4.7600    4.0050    2.9000    2.8600    2.2150    1.8400    1.4300    1.3700    1.2900    1.2050    1.2100    1.2100    1.1950    1.1550
                      Avg T            5.4900    5.3250    5.2050    5.2050    6.0400    6.4500    6.5150    6.8650    6.7900    6.7350    6.4650    6.2800    5.7800    5.7700    5.8150    5.7050    5.7850    5.6600    5.5100    5.7100    5.5200

PERMUTATION_ONDEMAND  FDR              0.0100    0.0000    0.0079    0.0277    0.0215    0.0171    0.0185    0.0232    0.0228    0.0176    0.0212    0.0247    0.0259    0.0308    0.0286    0.0297    0.0277    0.0325    0.0307    0.0291    0.0326
                      TPR              0.0010    0.0170    0.0465    0.0935    0.2120    0.3055    0.4595    0.6295    0.7690    0.8710    0.9365    0.9540    0.9755    0.9885    0.9970    0.9975    0.9990    1.0000    0.9995    0.9995    1.0000
                      Avg L            2.8500    5.0350    6.7500    7.4900    6.9850    6.3950    5.3750    4.3800    3.8900    3.0400    2.7400    2.2300    1.7350    1.3900    1.3350    1.2300    1.3250    1.1950    1.2050    1.1400    1.1350
                      Avg T            5.3950    5.1800    5.2050    5.5750    6.0450    6.4550    6.5950    6.8750    6.9150    6.3900    6.4500    6.2050    6.1200    5.8600    5.8050    5.6000    5.8600    5.6050    5.6400    5.5250    5.7100

ONDEMAND              FDR              0.0125    0.0017    0.0154    0.0241    0.0126    0.0171    0.0224    0.0258    0.0222    0.0188    0.0271    0.0280    0.0299    0.0322    0.0281    0.0291    0.0247    0.0346    0.0263    0.0292    0.0279
                      TPR              0.0025    0.0175    0.0525    0.0915    0.2065    0.3110    0.4395    0.6295    0.7620    0.8655    0.9405    0.9570    0.9760    0.9915    0.9940    0.9975    0.9985    1.0000    0.9995    1.0000    1.0000
                      Avg L            2.8200    4.9400    6.5800    7.4450    7.2100    6.4350    5.6000    4.3850    4.2700    3.0050    2.5750    1.9750    1.8800    1.4150    1.4150    1.2700    1.2250    1.2650    1.1650    1.1300    1.1300
                      Avg T            5.3600    5.2850    5.0800    5.5300    5.9600    6.3300    6.6500    6.7100    6.9500    6.7150    6.3550    6.1250    5.9600    5.7850    5.7900    5.6850    5.7500    5.7450    5.5450    5.4650    5.6400

SKIPL_5p              FDR              0.0000    0.0058    0.0096    0.0183    0.0169    0.0178    0.0224    0.0258    0.0239    0.0151    0.0236    0.0258    0.0265    0.0325    0.0321    0.0305    0.0259    0.0376    0.0305    0.0311    0.0320
                      TPR              0.0000    0.0045    0.0300    0.0650    0.1920    0.3130    0.4610    0.6430    0.7970    0.8765    0.9445    0.9605    0.9780    0.9905    0.9955    0.9970    0.9990    1.0000    0.9995    1.0000    1.0000
                      Avg L            5.0000    5.0000    5.0000    5.0000    5.0000    5.0000    5.0000    5.0000    5.0000    5.0000    5.0000    5.0000    5.0000    5.0000    5.0000    5.0000    5.0000    5.0000    5.0000    5.0000    5.0000
                      Avg T            5.4750    4.7000    3.9800    3.9700    5.0800    5.9500    6.7400    7.8400    7.9900    7.7150    7.7950    7.4150    7.0800    6.8900    6.8200    6.6000    6.3450    6.3100    6.2700    6.1900    6.1400

SKIPL_10p             FDR              0.0050    0.0050    0.0112    0.0191    0.0230    0.0085    0.0137    0.0179    0.0159    0.0110    0.0193    0.0183    0.0168    0.0210    0.0200    0.0207    0.0182    0.0246    0.0181    0.0206    0.0223
                      TPR              0.0020    0.0160    0.0475    0.0900    0.1990    0.2870    0.4195    0.5890    0.7230    0.8395    0.9170    0.9465    0.9705    0.9890    0.9930    0.9965    0.9985    1.0000    0.9995    0.9995    1.0000
                      Avg L           10.0000   10.0000   10.0000   10.0000   10.0000   10.0000   10.0000   10.0000   10.0000   10.0000   10.0000   10.0000   10.0000   10.0000   10.0000   10.0000   10.0000   10.0000   10.0000   10.0000   10.0000
                      Avg T            5.7850    5.6400    5.7750    5.9250    6.5900    7.1400    7.5350    8.1700    8.2800    8.4150    8.0400    7.9000    7.3750    7.1950    6.9400    6.6800    6.5500    6.3650    6.3600    6.2050    6.0800

SKIPL_20p             FDR              0.0250    0.0050    0.0058    0.0104    0.0100    0.0056    0.0150    0.0101    0.0096    0.0084    0.0076    0.0097    0.0072    0.0139    0.0079    0.0082    0.0086    0.0127    0.0098    0.0111    0.0121
                      TPR              0.0025    0.0165    0.0430    0.0805    0.1680    0.2350    0.3430    0.4820    0.6265    0.7705    0.8680    0.9100    0.9510    0.9805    0.9875    0.9940    0.9975    0.9990    0.9990    0.9995    1.0000
                      Avg L           20.0000   20.0000   20.0000   20.0000   20.0000   20.0000   20.0000   20.0000   20.0000   20.0000   20.0000   20.0000   20.0000   20.0000   20.0000   20.0000   20.0000   20.0000   20.0000   20.0000   20.0000
                      Avg T            5.9900    6.0500    6.2200    6.4300    6.9000    7.1050    7.2750    7.7700    8.0300    8.3400    8.4050    8.2500    7.7250    7.4000    7.1700    6.9650    6.6650    6.5400    6.3450    6.3800    6.0650

