
======================================================================
=== T-Rex Results (averaged over 200 Monte Carlo runs) ===
======================================================================

  SNR                          0.10      0.20      0.30      0.40      0.50      0.60      0.70      0.80      0.90
-------------------------------------------------------------------------------------------------------------------

STANDARD
  FDR                        0.0100    0.0129    0.0277    0.0428    0.0408    0.0483    0.0442    0.0520    0.0531
  TPR                        0.0020    0.0220    0.0610    0.1440    0.2700    0.3790    0.4775    0.5965    0.6800
  Avg L                      2.6750    4.8150    6.2400    7.2600    6.5100    6.1100    5.0850    4.6700    3.9600
  Avg T                      4.5950    4.7250    4.6800    6.2350    5.7850    6.6400    6.0300    7.8050    6.5600

HCONCAT
  FDR                        0.0200    0.0192    0.0242    0.0407    0.0481    0.0439    0.0406    0.0439    0.0535
  TPR                        0.0020    0.0190    0.0695    0.1510    0.2735    0.3850    0.4870    0.5945    0.6805
  Avg L                      2.8400    5.0450    6.6350    7.5850    7.2650    6.7900    5.9150    5.1100    4.7350
  Avg T                      4.7500    5.3550    4.0850    6.3700    8.2750    7.7300    8.1550    7.8750    8.9600

PERMUTATION
  FDR                        0.0250    0.0092    0.0271    0.0530    0.0486    0.0510    0.0472    0.0463    0.0560
  TPR                        0.0005    0.0195    0.0665    0.1450    0.2780    0.3830    0.4870    0.6030    0.6900
  Avg L                      2.9600    5.0250    6.6350    7.5150    7.3500    7.1950    6.0050    5.4000    4.8800
  Avg T                      4.0900    6.1600    5.5300    6.3750    6.8950    8.6600    7.9100    8.8950   10.1400

PERMUTATION_ONDEMAND
  FDR                        0.0200    0.0104    0.0281    0.0390    0.0440    0.0461    0.0409    0.0497    0.0640
  TPR                        0.0025    0.0210    0.0720    0.1485    0.2755    0.3755    0.4905    0.5895    0.6950
  Avg L                      2.8250    5.1400    6.8050    7.6400    7.4000    6.9250    6.0400    5.1650    4.5100
  Avg T                      4.7400    4.8200    5.7750    6.2000    7.4500    7.3850    8.9700    7.8750    9.0100

ONDEMAND
  FDR                        0.0075    0.0083    0.0206    0.0422    0.0448    0.0498    0.0453    0.0522    0.0520
  TPR                        0.0025    0.0235    0.0700    0.1555    0.2740    0.3850    0.4890    0.6065    0.6855
  Avg L                      2.8050    5.1550    6.7000    7.6600    7.1350    6.7650    5.8950    5.5800    4.5150
  Avg T                      4.0550    5.7250    4.4500    7.3750    7.6450    7.9250    7.5950    9.8500    7.8900

SKIPL_5p
  FDR                        0.0000    0.0029    0.0136    0.0190    0.0424    0.0455    0.0438    0.0504    0.0632
  TPR                        0.0000    0.0050    0.0270    0.0885    0.2190    0.3440    0.4610    0.6050    0.7025
  Avg L                      5.0000    5.0000    5.0000    5.0000    5.0000    5.0000    5.0000    5.0000    5.0000
  Avg T                     10.7200    4.4350    3.1250    3.1150    3.9150    5.4050    6.1950    7.4800    8.2850

SKIPL_10p
  FDR                        0.0150    0.0238    0.0299    0.0449    0.0553    0.0584    0.0607    0.0635    0.0751
  TPR                        0.0030    0.0255    0.0730    0.1610    0.3020    0.4200    0.5310    0.6550    0.7475
  Avg L                     10.0000   10.0000   10.0000   10.0000   10.0000   10.0000   10.0000   10.0000   10.0000
  Avg T                     26.8100   12.0700    8.2850    8.8800   11.1150   13.9200   18.4400   21.1900   25.6000

SKIPL_20p
  FDR                        0.0325    0.0278    0.0471    0.0572    0.0686    0.0681    0.0630    0.0664    0.0771
  TPR                        0.0040    0.0365    0.1015    0.1965    0.3340    0.4470    0.5575    0.6820    0.7700
  Avg L                     20.0000   20.0000   20.0000   20.0000   20.0000   20.0000   20.0000   20.0000   20.0000
  Avg T                     50.5600   30.5700   24.7350   24.9350   36.1100   46.7050   52.5650   66.3900   72.8750

  SNR                          1.00      1.10      1.20      1.30      1.40      1.50      1.60      1.70      1.80
-------------------------------------------------------------------------------------------------------------------

STANDARD  (continued)
  FDR                        0.0468    0.0519    0.0469    0.0494    0.0472    0.0491    0.0469    0.0377    0.0397
  TPR                        0.7595    0.8050    0.8375    0.8705    0.9075    0.9240    0.9435    0.9520    0.9790
  Avg L                      3.4700    3.4350    2.8500    2.7000    2.5100    2.4250    2.2500    2.1100    2.0350
  Avg T                      6.9850    8.5550    5.8900    6.2450    6.2800    6.8800    5.6900    5.9400    6.2000

HCONCAT  (continued)
  FDR                        0.0515    0.0486    0.0476    0.0500    0.0483    0.0500    0.0477    0.0356    0.0409
  TPR                        0.7650    0.8000    0.8340    0.8690    0.8995    0.9230    0.9425    0.9560    0.9795
  Avg L                      4.4050    3.7950    3.3500    3.2250    2.8850    2.7950    2.5150    2.3450    2.1850
  Avg T                      9.5850    8.6700    8.5500    8.9500    9.8850    8.9050    7.1250    8.5900    8.1750

PERMUTATION  (continued)
  FDR                        0.0485    0.0537    0.0508    0.0470    0.0475    0.0488    0.0511    0.0361    0.0425
  TPR                        0.7520    0.8140    0.8430    0.8560    0.9095    0.9200    0.9460    0.9560    0.9745
  Avg L                      3.7800    4.2000    3.4150    3.0650    2.7650    2.5300    2.4600    2.4500    2.0800
  Avg T                      7.5500   10.1000    9.5200    7.7350    7.0350    6.6250    6.8300    9.2950    7.1050

PERMUTATION_ONDEMAND  (continued)
  FDR                        0.0513    0.0484    0.0484    0.0488    0.0514    0.0529    0.0412    0.0349    0.0444
  TPR                        0.7635    0.8085    0.8365    0.8710    0.9065    0.9245    0.9445    0.9530    0.9790
  Avg L                      3.9500    3.9850    3.4850    3.0750    2.7700    2.6550    2.4850    2.3950    2.2250
  Avg T                      8.0600   10.3650    9.5500    8.5000    9.0000    7.1300    7.1650    7.6200    8.0150

ONDEMAND  (continued)
  FDR                        0.0534    0.0496    0.0457    0.0528    0.0525    0.0478    0.0472    0.0367    0.0412
  TPR                        0.7685    0.8115    0.8400    0.8665    0.9045    0.9175    0.9410    0.9535    0.9740
  Avg L                      4.1200    3.9150    3.2700    3.0900    2.9050    2.7200    2.6150    2.4950    2.2550
  Avg T                      9.2250   10.1000    8.0850    8.6700    7.7850    8.0300    7.4000    7.9300    8.6700

SKIPL_5p  (continued)
  FDR                        0.0614    0.0627    0.0698    0.0711    0.0635    0.0711    0.0676    0.0571    0.0661
  TPR                        0.7915    0.8425    0.8680    0.9060    0.9405    0.9540    0.9700    0.9780    0.9910
  Avg L                      5.0000    5.0000    5.0000    5.0000    5.0000    5.0000    5.0000    5.0000    5.0000
  Avg T                     10.6700   11.9050   11.5650   13.4700   14.9350   16.8150   15.8400   23.2700   19.4400

SKIPL_10p  (continued)
  FDR                        0.0710    0.0638    0.0791    0.0786    0.0727    0.0760    0.0745    0.0696    0.0782
  TPR                        0.8215    0.8660    0.8965    0.9225    0.9535    0.9650    0.9795    0.9835    0.9945
  Avg L                     10.0000   10.0000   10.0000   10.0000   10.0000   10.0000   10.0000   10.0000   10.0000
  Avg T                     28.1950   34.3200   41.2850   42.3050   51.0650   54.9550   59.4050   68.2700   66.0150

SKIPL_20p  (continued)
  FDR                        0.0721    0.0727    0.0908    0.0918    0.0825    0.0913    0.0947    0.0919    0.1030
  TPR                        0.8455    0.8790    0.9110    0.9305    0.9635    0.9730    0.9850    0.9865    0.9965
  Avg L                     20.0000   20.0000   20.0000   20.0000   20.0000   20.0000   20.0000   20.0000   20.0000
  Avg T                     92.0300   90.1550  105.1700  112.8600  118.5050  124.1400  134.9050  135.0700  139.1200

  SNR                          1.90      2.00      5.00
-------------------------------------------------------

STANDARD  (continued)
  FDR                        0.0386    0.0435    0.0350
  TPR                        0.9750    0.9845    1.0000
  Avg L                      1.8950    1.8400    1.2100
  Avg T                      5.3000    5.8800    4.9200

HCONCAT  (continued)
  FDR                        0.0363    0.0461    0.0349
  TPR                        0.9765    0.9845    1.0000
  Avg L                      2.0000    1.8800    1.2000
  Avg T                      5.6450    6.7100    4.7550

PERMUTATION  (continued)
  FDR                        0.0379    0.0418    0.0360
  TPR                        0.9805    0.9835    1.0000
  Avg L                      2.2400    1.8900    1.1900
  Avg T                      7.4750    5.7000    4.8200

PERMUTATION_ONDEMAND  (continued)
  FDR                        0.0362    0.0452    0.0376
  TPR                        0.9785    0.9855    1.0000
  Avg L                      2.2350    1.9250    1.1750
  Avg T                      6.7550    7.0000    4.8500

ONDEMAND  (continued)
  FDR                        0.0388    0.0410    0.0410
  TPR                        0.9790    0.9845    1.0000
  Avg L                      2.0450    1.8750    1.2700
  Avg T                      6.2650    6.0150    5.3000

SKIPL_5p  (continued)
  FDR                        0.0652    0.0730    0.0782
  TPR                        0.9910    0.9940    1.0000
  Avg L                      5.0000    5.0000    5.0000
  Avg T                     17.6900   20.4100   21.5350

SKIPL_10p  (continued)
  FDR                        0.0763    0.0881    0.1118
  TPR                        0.9950    0.9965    1.0000
  Avg L                     10.0000   10.0000   10.0000
  Avg T                     57.4350   70.3150   83.6900

SKIPL_20p  (continued)
  FDR                        0.1052    0.1102    0.1365
  TPR                        0.9975    0.9980    1.0000
  Avg L                     20.0000   20.0000   20.0000
  Avg T                    139.7850  141.2350  145.7700

