
======================================================================
=== T-Rex Results (averaged over 200 Monte Carlo runs) ===
======================================================================

  SNR                           0.1       0.2       0.3       0.4       0.5       0.6       0.7       0.8       0.9       1.0       1.1       1.2       1.3       1.4       1.5       1.6       1.7       1.8       1.9       2.0       5.0
-------------------------------------------------------------------------------------------------------------------------------------------------------------------------------------------------------------------------------------------

STANDARD
  FDR                        0.0150    0.0138    0.0121    0.0333    0.0329    0.0294    0.0228    0.0321    0.0332    0.0316    0.0321    0.0341    0.0346    0.0369    0.0311    0.0303    0.0250    0.0331    0.0296    0.0356    0.0323
  TPR                        0.0015    0.0190    0.0630    0.1260    0.2595    0.3800    0.5200    0.7000    0.8000    0.8850    0.9340    0.9590    0.9710    0.9885    0.9935    0.9950    0.9965    0.9995    0.9995    0.9990    1.0000
  Avg L                      2.7800    4.7050    6.0150    6.9350    6.4600    5.7250    4.7550    3.9850    3.5550    2.5450    2.4400    2.1150    1.8550    1.6400    1.5100    1.3850    1.3250    1.3200    1.2700    1.2750    1.1600
  Avg T                      4.4450    3.9400    4.1300    4.6500    5.7650    6.1650    6.5000    6.8850    6.8350    6.1750    6.1950    5.9100    5.3250    5.4900    5.3450    5.2000    5.2850    5.2050    5.0050    5.1550    4.9000

HCONCAT
  FDR                        0.0175    0.0088    0.0262    0.0237    0.0194    0.0264    0.0238    0.0281    0.0286    0.0235    0.0317    0.0334    0.0317    0.0389    0.0339    0.0334    0.0249    0.0330    0.0307    0.0372    0.0315
  TPR                        0.0015    0.0195    0.0555    0.1280    0.2545    0.3740    0.5100    0.6720    0.7980    0.8825    0.9350    0.9575    0.9730    0.9865    0.9970    0.9945    0.9960    0.9990    0.9995    0.9995    1.0000
  Avg L                      2.8950    5.2350    6.6250    7.4850    7.0150    6.5550    5.5900    4.8700    4.2950    3.2400    2.8100    2.4850    1.9150    1.6950    1.5750    1.5000    1.3600    1.2200    1.2800    1.2450    1.1500
  Avg T                      4.2250    4.0100    4.1950    5.1500    5.7850    6.5600    6.8300    6.7850    6.8750    6.5300    6.1300    5.9400    5.5100    5.6950    5.5250    5.4650    5.0900    5.1300    4.9200    5.1950    4.8350

PERMUTATION
  FDR                        0.0150    0.0088    0.0246    0.0297    0.0246    0.0268    0.0221    0.0282    0.0265    0.0248    0.0334    0.0312    0.0360    0.0356    0.0296    0.0326    0.0257    0.0354    0.0304    0.0341    0.0375
  TPR                        0.0020    0.0235    0.0640    0.1375    0.2565    0.3640    0.5130    0.6730    0.7960    0.8815    0.9315    0.9555    0.9715    0.9870    0.9945    0.9945    0.9965    0.9990    0.9995    0.9985    1.0000
  Avg L                      2.9650    5.0550    6.7650    7.4300    7.2000    6.6600    5.5100    4.6950    4.0600    3.0700    3.0750    2.3900    2.1050    1.7850    1.5250    1.4000    1.3850    1.3800    1.3050    1.2550    1.1700
  Avg T                      4.3800    4.0600    4.3850    5.2500    6.0300    6.5050    6.7700    7.0050    6.7350    6.3100    6.2850    6.1200    5.5200    5.5400    5.5250    5.1900    5.3150    5.1500    5.1600    5.1000    5.0300

PERMUTATION_ONDEMAND
  FDR                        0.0100    0.0104    0.0177    0.0326    0.0256    0.0296    0.0233    0.0296    0.0340    0.0242    0.0339    0.0320    0.0342    0.0338    0.0330    0.0313    0.0266    0.0366    0.0303    0.0373    0.0341
  TPR                        0.0020    0.0180    0.0645    0.1345    0.2640    0.3675    0.5185    0.6840    0.7945    0.8745    0.9295    0.9585    0.9700    0.9870    0.9930    0.9945    0.9960    0.9990    0.9995    0.9990    1.0000
  Avg L                      2.9550    5.0950    6.4500    7.4700    7.0450    6.5300    5.6100    4.9600    3.9150    3.2450    2.8000    2.1800    1.9300    1.6550    1.6200    1.4150    1.3500    1.3050    1.3150    1.2450    1.1450
  Avg T                      4.2750    3.8400    4.2100    5.1550    6.0100    6.4300    6.8850    6.9800    6.3800    6.2300    6.2600    5.8500    5.5350    5.6350    5.4100    5.3300    5.2700    5.1650    5.1900    5.2100    4.8100

ONDEMAND
  FDR                        0.0175    0.0088    0.0114    0.0244    0.0206    0.0248    0.0243    0.0332    0.0303    0.0272    0.0294    0.0306    0.0347    0.0365    0.0333    0.0319    0.0253    0.0350    0.0320    0.0395    0.0332
  TPR                        0.0025    0.0200    0.0655    0.1265    0.2505    0.3670    0.5210    0.6830    0.7885    0.8775    0.9255    0.9565    0.9730    0.9845    0.9925    0.9950    0.9970    0.9985    0.9995    0.9990    1.0000
  Avg L                      2.9350    5.1350    6.6850    7.7300    6.7300    6.8300    5.6700    4.7600    4.0650    3.0800    2.8700    2.2450    2.0650    1.6950    1.5200    1.4250    1.2950    1.2800    1.3100    1.2300    1.1450
  Avg T                      4.4700    4.0400    4.4250    5.0900    5.7000    6.3900    6.8500    7.4200    6.5000    6.2650    5.8900    5.9450    5.7050    5.6550    5.5600    5.2200    5.2300    5.1750    5.1650    5.0300    4.7350

SKIPL_5p
  FDR                        0.0075    0.0054    0.0108    0.0199    0.0264    0.0262    0.0214    0.0310    0.0314    0.0296    0.0399    0.0405    0.0438    0.0446    0.0398    0.0410    0.0373    0.0447    0.0414    0.0483    0.0522
  TPR                        0.0005    0.0065    0.0295    0.0920    0.2380    0.3485    0.5220    0.6975    0.8280    0.8955    0.9475    0.9680    0.9805    0.9925    0.9975    0.9975    0.9990    1.0000    0.9995    0.9995    1.0000
  Avg L                      5.0000    5.0000    5.0000    5.0000    5.0000    5.0000    5.0000    5.0000    5.0000    5.0000    5.0000    5.0000    5.0000    5.0000    5.0000    5.0000    5.0000    5.0000    5.0000    5.0000    5.0000
  Avg T                      5.1800    4.0250    3.3800    3.5700    4.8950    5.8800    7.2150    7.9750    8.5700    8.1050    8.1350    7.9250    7.7750    7.4800    7.2550    6.9200    6.7250    6.7650    6.6000    6.4950    6.5150

SKIPL_10p
  FDR                        0.0250    0.0067    0.0196    0.0281    0.0250    0.0223    0.0179    0.0241    0.0216    0.0198    0.0281    0.0289    0.0332    0.0314    0.0299    0.0327    0.0266    0.0334    0.0335    0.0309    0.0375
  TPR                        0.0010    0.0205    0.0615    0.1305    0.2555    0.3610    0.5065    0.6675    0.7870    0.8760    0.9360    0.9585    0.9780    0.9905    0.9970    0.9965    0.9985    1.0000    0.9995    0.9995    1.0000
  Avg L                     10.0000   10.0000   10.0000   10.0000   10.0000   10.0000   10.0000   10.0000   10.0000   10.0000   10.0000   10.0000   10.0000   10.0000   10.0000   10.0000   10.0000   10.0000   10.0000   10.0000   10.0000
  Avg T                      5.5200    5.1650    5.1600    6.0600    6.9250    7.5200    8.3900    9.1100    9.2350    8.8350    8.5550    8.3100    7.9450    7.7900    7.5700    7.0950    6.9550    6.6900    6.6050    6.5900    6.1800

SKIPL_20p
  FDR                        0.0275    0.0175    0.0288    0.0162    0.0145    0.0182    0.0121    0.0143    0.0169    0.0110    0.0174    0.0137    0.0169    0.0193    0.0149    0.0158    0.0126    0.0202    0.0140    0.0169    0.0203
  TPR                        0.0040    0.0225    0.0615    0.1170    0.2225    0.3090    0.4335    0.5615    0.7000    0.8265    0.9020    0.9385    0.9650    0.9830    0.9920    0.9935    0.9975    1.0000    0.9995    0.9995    1.0000
  Avg L                     20.0000   20.0000   20.0000   20.0000   20.0000   20.0000   20.0000   20.0000   20.0000   20.0000   20.0000   20.0000   20.0000   20.0000   20.0000   20.0000   20.0000   20.0000   20.0000   20.0000   20.0000
  Avg T                      5.9900    5.9850    6.2800    6.7200    7.3300    7.8550    8.1600    8.2200    8.5800    9.0700    9.0750    8.6700    8.6500    7.9700    7.8950    7.2900    7.2200    6.9150    6.7350    6.5350    6.1150

