
======================================================================
=== T-Rex Results (averaged over 10 Monte Carlo runs) ===
======================================================================

Solver                Metric    SNR       0.1       0.2       0.3       0.4       0.5       0.6       0.7       0.8       0.9       1.0       1.1       1.2       1.3       1.4       1.5       1.6       1.7       1.8       1.9       2.0       5.0
-----------------------------------------------------------------------------------------------------------------------------------------------------------------------------------------------------------------------------------------------------
STANDARD              FDR              0.0000    0.1333    0.0500    0.0250    0.0583    0.1052    0.0492    0.1058    0.0521    0.0327    0.0780    0.0532    0.0482    0.0841    0.0258    0.0598    0.0000    0.0439    0.0539    0.0725    0.0273
                      TPR              0.0000    0.0500    0.0400    0.2200    0.1800    0.3400    0.4300    0.5800    0.6700    0.6600    0.8600    0.8200    0.8300    0.9100    0.9400    0.9200    1.0000    1.0000    0.9800    1.0000    1.0000
                      Avg L            1.6000    7.4000    7.0000    5.9000    6.3000    6.2000    5.4000    4.6000    4.7000    4.2000    3.6000    3.2000    3.1000    2.9000    2.3000    2.5000    1.8000    2.3000    1.8000    2.0000    1.4000
                      Avg T            4.2000    3.5000    5.8000    4.2000    4.6000    6.3000    5.7000    8.7000   20.4000    6.8000   10.4000    5.1000    6.8000    7.3000    5.7000    5.1000    6.2000    6.1000    6.5000    6.9000    5.9000

HCONCAT               FDR              0.0000    0.1333    0.0333    0.0250    0.0250    0.0936    0.0510    0.1027    0.0651    0.0413    0.0623    0.0392    0.0509    0.0858    0.0267    0.0539    0.0000    0.0258    0.0348    0.0643    0.0364
                      TPR              0.0000    0.0400    0.0600    0.2300    0.2000    0.3800    0.4500    0.6000    0.7300    0.7300    0.8600    0.8600    0.8100    0.8900    0.9400    0.9200    0.9900    0.9800    0.9800    0.9900    1.0000
                      Avg L            1.9000    7.6000    7.5000    7.2000    6.4000    7.5000    6.9000    5.1000    5.7000    4.2000    3.1000    3.5000    2.6000    2.9000    1.9000    3.7000    2.4000    1.9000    2.1000    1.8000    1.3000
                      Avg T            4.9000    3.8000    7.6000   11.9000    5.6000    7.2000    6.9000    7.7000    9.5000   11.3000    6.4000    5.7000    6.2000    7.4000    5.4000    8.4000    7.9000    4.7000    7.0000    5.7000    5.8000

PERMUTATION           FDR              0.0000    0.0500    0.0333    0.0250    0.0450    0.1162    0.0367    0.1113    0.0243    0.0334    0.0550    0.0480    0.0404    0.0593    0.0348    0.0639    0.0182    0.0439    0.0439    0.0634    0.0091
                      TPR              0.0000    0.0300    0.0300    0.2200    0.2300    0.3200    0.4500    0.6300    0.6800    0.7500    0.8800    0.8600    0.8100    0.9100    0.9300    0.9200    1.0000    0.9700    0.9800    0.9900    1.0000
                      Avg L            1.8000    7.2000    7.1000    7.6000    7.5000    7.0000    6.4000    5.7000    4.4000    3.9000    3.4000    3.8000    2.4000    2.7000    2.2000    2.5000    1.9000    2.3000    2.4000    2.0000    1.0000
                      Avg T            4.3000    2.8000    3.1000    5.3000    6.8000    6.1000    7.4000    9.0000    8.8000    6.2000    9.9000    7.0000    5.7000    6.1000    9.2000    5.6000    5.1000   11.8000   10.0000    8.1000    4.7000

PERMUTATION_ONDEMAND  FDR              0.0000    0.1333    0.0500    0.0250    0.0450    0.1075    0.0450    0.0832    0.0521    0.0427    0.0723    0.0441    0.0607    0.0940    0.0358    0.0749    0.0000    0.0530    0.0424    0.0606    0.0364
                      TPR              0.0000    0.0400    0.0300    0.2300    0.2200    0.3400    0.4300    0.5400    0.6600    0.7400    0.8600    0.8300    0.8500    0.9200    0.9400    0.9500    1.0000    1.0000    0.9900    0.9900    1.0000
                      Avg L            1.9000    8.3000    6.8000    6.4000    7.9000    7.4000    6.2000    5.0000    4.8000    4.0000    2.5000    3.2000    3.7000    3.3000    2.1000    2.1000    1.9000    2.9000    2.9000    1.7000    1.3000
                      Avg T            3.9000    4.8000    5.1000    4.0000    6.6000    7.2000    6.0000    6.4000   21.6000    6.5000    4.7000   19.7000    9.4000    7.9000    8.6000    4.5000    5.3000   12.1000   13.3000    6.9000    5.4000

ONDEMAND              FDR              0.0000    0.1333    0.0500    0.0450    0.0500    0.0900    0.0710    0.0929    0.0521    0.0345    0.0464    0.0427    0.0507    0.0618    0.0267    0.0594    0.0000    0.0439    0.0373    0.0606    0.0273
                      TPR              0.0000    0.0300    0.0200    0.2400    0.1700    0.3500    0.4900    0.5700    0.6500    0.6700    0.8500    0.8200    0.8000    0.8500    0.9300    0.9500    0.9900    1.0000    0.9900    0.9900    1.0000
                      Avg L            1.9000    6.9000    6.3000    6.9000    6.6000    8.1000    7.3000    5.1000    4.6000    3.9000    3.0000    3.6000    3.6000    3.3000    2.1000    2.2000    1.9000    2.9000    2.3000    2.7000    1.3000
                      Avg T            4.8000    3.2000    2.4000    5.3000    4.4000    7.3000    8.0000    6.7000   20.5000    5.3000    7.4000   20.6000   12.2000   16.6000    5.9000    4.8000    4.7000   15.4000    7.0000    9.0000    4.9000

SKIPL_5p              FDR              0.0000    0.0000    0.0500    0.0250    0.0417    0.0833    0.0567    0.1097    0.0472    0.0392    0.0745    0.0600    0.0689    0.0906    0.0348    0.1075    0.0364    0.0530    0.0797    0.0890    0.0712
                      TPR              0.0000    0.0100    0.0100    0.2100    0.1700    0.3300    0.3300    0.6400    0.7400    0.7600    0.9000    0.8700    0.8500    0.9300    0.9800    0.9600    1.0000    1.0000    0.9900    0.9900    1.0000
                      Avg L            5.0000    5.0000    5.0000    5.0000    5.0000    5.0000    5.0000    5.0000    5.0000    5.0000    5.0000    5.0000    5.0000    5.0000    5.0000    5.0000    5.0000    5.0000    5.0000    5.0000    5.0000
                      Avg T           16.0000    2.8000    3.1000    4.3000    3.6000    5.0000    4.4000    6.7000    7.0000    7.6000   13.5000   14.6000   18.9000   21.0000   28.2000   12.5000   19.7000   16.6000   27.5000   19.8000   21.5000

SKIPL_10p             FDR              0.0000    0.1333    0.0500    0.0450    0.0726    0.1025    0.0452    0.1189    0.0565    0.0416    0.0895    0.0600    0.0670    0.0994    0.0348    0.0979    0.0545    0.0852    0.0782    0.0966    0.0970
                      TPR              0.0000    0.0400    0.0300    0.2500    0.2600    0.3800    0.5400    0.6700    0.7900    0.7900    0.9000    0.8800    0.8700    0.9400    1.0000    0.9500    1.0000    1.0000    0.9900    0.9900    1.0000
                      Avg L           10.0000   10.0000   10.0000   10.0000   10.0000   10.0000   10.0000   10.0000   10.0000   10.0000   10.0000   10.0000   10.0000   10.0000   10.0000   10.0000   10.0000   10.0000   10.0000   10.0000   10.0000
                      Avg T           43.7000    4.9000    3.8000    9.0000    8.2000   10.8000   14.1000   19.0000   35.9000   17.9000   45.4000   34.0000   56.5000   55.6000   56.8000   35.3000   67.5000   74.8000   85.5000   73.9000   82.6000

SKIPL_20p             FDR              0.0000    0.1583    0.0250    0.0783    0.0726    0.0841    0.0514    0.1142    0.0579    0.0492    0.0823    0.0664    0.0757    0.1087    0.0776    0.1081    0.0727    0.1034    0.1028    0.1394    0.1136
                      TPR              0.0000    0.0500    0.0800    0.2900    0.2800    0.4400    0.5700    0.6900    0.7900    0.8100    0.9200    0.9100    0.8600    0.9600    1.0000    0.9800    1.0000    1.0000    0.9900    1.0000    1.0000
                      Avg L           20.0000   20.0000   20.0000   20.0000   20.0000   20.0000   20.0000   20.0000   20.0000   20.0000   20.0000   20.0000   20.0000   20.0000   20.0000   20.0000   20.0000   20.0000   20.0000   20.0000   20.0000
                      Avg T           93.2000   13.7000   35.9000   29.8000   21.8000   54.1000   37.4000   62.3000   81.9000   86.0000   98.0000  100.5000   93.7000  133.5000  139.9000  117.3000  130.4000  150.0000  129.2000  123.7000  150.0000

