
==============================================================================
  DA-TRex MC: da_groups_toeplitz_leaf  (MC=200)
  Prior Groups + Toeplitz leaf, n=300, p=1000, support=Random, phi_leaf=0.5,
  max_gap=20
==============================================================================

  SNR                          0.10      0.20      0.50      1.00      2.00      5.00
-------------------------------------------------------------------------------------

TREX-DA: TLARS
  FDR                        0.0819    0.1962    0.3970    0.4028    0.3897    0.3671
  sd_FDR                     0.2589    0.3256    0.2421    0.1639    0.1562    0.1714
  TPR                        0.0065    0.0550    0.4210    0.7310    0.8350    0.8435
  sd_TPR                     0.0285    0.0981    0.2114    0.1583    0.1656    0.1532
  Avg L                      1.8100    2.2750    2.2100    1.4050    1.0700    1.0050
  Avg T                      9.1450    6.5900   12.2800   13.0100    8.5850    7.1100

TREX-DA: TAFS
  FDR                        0.0692    0.1373    0.1805    0.1186    0.0842    0.1179
  sd_FDR                     0.2446    0.3003    0.1906    0.1138    0.0695    0.0628
  TPR                        0.0060    0.0355    0.3225    0.7710    0.9635    0.9660
  sd_TPR                     0.0277    0.0679    0.1783    0.1685    0.0892    0.0773
  Avg L                      1.8250    2.4900    2.6950    1.6050    1.0400    1.0000
  Avg T                      6.2050    5.5950    6.0200    6.3350    6.8350    6.9100

TREX-DA: TOMP
  FDR                        0.0650    0.1000    0.1282    0.0861    0.0578    0.0596
  sd_FDR                     0.2471    0.2730    0.1996    0.1103    0.0638    0.0557
  TPR                        0.0040    0.0210    0.2395    0.7020    0.9715    0.9875
  sd_TPR                     0.0242    0.0517    0.1523    0.1923    0.0835    0.0511
  Avg L                      1.8200    2.4200    2.9050    1.8050    1.0300    1.0150
  Avg T                      7.2900    6.9450    6.9550    6.5700    7.2000    7.6800

