
======================================================================
=== T-Rex Results (averaged over 200 Monte Carlo runs) ===
======================================================================

Solver         Metric    SNR       0.1       0.2       0.3       0.4       0.5       0.6       0.7       0.8       0.9       1.0       1.1       1.2       1.3       1.4       1.5       1.6       1.7       1.8       1.9       2.0       5.0 
---------------------------------------------------------------------------------------------------------------------------------------------------------------------------------------------------------------------------------------------- 
TLARS          FDR              0.0050    0.0137    0.0175    0.0277    0.0366    0.0397    0.0521    0.0483    0.0336    0.0489    0.0478    0.0511    0.0434    0.0492    0.0365    0.0371    0.0360    0.0379    0.0378    0.0432    0.0306 
               TPR              0.0045    0.0175    0.0450    0.1300    0.2515    0.3365    0.4625    0.5505    0.6610    0.7235    0.7750    0.8200    0.8665    0.9070    0.9235    0.9425    0.9555    0.9650    0.9715    0.9795    1.0000 
               Avg L            2.8650    4.5950    5.8050    7.2250    7.4500    6.8600    5.9700    5.2900    4.8300    4.1450    3.7100    3.1350    3.0550    3.3050    2.7800    2.5850    2.2350    2.2500    2.0850    2.0700    1.2100 
               Avg T            3.1050    2.8000    2.8900    3.3750    4.5150    4.8700    5.1750    5.5000    5.5850    5.2650    5.1500    4.8150    4.8400    5.3000    4.8650    4.6450    4.4100    4.4550    4.4550    4.3900    3.9750 

TLASSO         FDR              0.0100    0.0154    0.0248    0.0324    0.0342    0.0427    0.0553    0.0442    0.0347    0.0489    0.0450    0.0495    0.0440    0.0487    0.0376    0.0429    0.0392    0.0363    0.0315    0.0442    0.0252 
               TPR              0.0040    0.0125    0.0490    0.1395    0.2440    0.3420    0.4850    0.5515    0.6655    0.7235    0.7895    0.8330    0.8670    0.8855    0.9295    0.9385    0.9580    0.9640    0.9710    0.9795    1.0000 
               Avg L            2.8750    4.5600    5.8750    7.3150    7.3450    6.5600    6.2000    5.2700    4.9150    4.2550    3.6400    3.4350    3.1450    3.1650    2.7400    2.4200    2.2850    2.1750    2.0300    2.0400    1.1400 
               Avg T            3.0850    2.5800    2.9200    3.5650    4.3600    4.7950    5.6000    5.3900    5.6150    5.5100    5.1550    5.2600    5.1850    5.1900    4.8100    4.5850    4.5300    4.3800    4.3300    4.5000    3.8800 

TENET          FDR              0.0250    0.0162    0.0177    0.0270    0.0357    0.0323    0.0508    0.0476    0.0355    0.0483    0.0513    0.0481    0.0435    0.0515    0.0422    0.0419    0.0385    0.0385    0.0367    0.0460    0.0313 
               TPR              0.0030    0.0160    0.0490    0.1415    0.2330    0.3395    0.4705    0.5555    0.6465    0.7105    0.7675    0.8130    0.8500    0.8830    0.9050    0.9260    0.9465    0.9490    0.9595    0.9715    1.0000 
               Avg L            2.8950    4.5850    5.7600    7.3950    7.2650    6.7200    6.2550    5.5700    4.9500    4.3750    3.8700    3.2200    3.1650    3.3600    2.5950    2.4750    2.3350    2.3050    2.1450    2.1900    1.2400 
               Avg T            3.1400    2.7850    2.8450    3.5500    4.1950    4.6450    5.4200    5.6800    5.5100    5.6100    5.1800    4.8350    4.9350    5.3350    4.6550    4.5500    4.4300    4.3050    4.3450    4.4500    4.0650 

TSTAGEWISE     FDR              0.0125    0.0179    0.0210    0.0271    0.0420    0.0398    0.0508    0.0464    0.0321    0.0496    0.0486    0.0538    0.0436    0.0506    0.0384    0.0398    0.0341    0.0384    0.0378    0.0434    0.0288 
               TPR              0.0045    0.0165    0.0485    0.1420    0.2510    0.3325    0.4770    0.5510    0.6695    0.7380    0.7810    0.8315    0.8650    0.9005    0.9180    0.9325    0.9545    0.9620    0.9705    0.9775    1.0000 
               Avg L            2.9700    4.6400    5.8850    7.3950    7.4050    6.8500    6.1700    5.4050    5.0600    4.3400    3.7100    3.4400    3.3000    3.1250    2.5100    2.3750    2.2550    2.1200    2.0600    2.0000    1.1700 
               Avg T            3.0850    2.7050    2.9550    3.5350    4.5200    4.7200    5.5300    5.5450    5.7150    5.7950    5.1850    5.0900    5.0750    5.2300    4.5700    4.3950    4.3700    4.3550    4.4050    4.4300    3.9700 

TSTEPWISE      FDR              0.0100    0.0117    0.0125    0.0054    0.0114    0.0179    0.0161    0.0197    0.0202    0.0228    0.0258    0.0304    0.0220    0.0262    0.0261    0.0238    0.0263    0.0251    0.0260    0.0278    0.0252 
               TPR              0.0050    0.0140    0.0345    0.1080    0.1945    0.3125    0.4780    0.5980    0.7685    0.8765    0.9395    0.9525    0.9785    0.9900    0.9920    0.9955    0.9985    0.9990    0.9995    1.0000    1.0000 
               Avg L            2.8750    4.6300    5.7950    7.6100    6.8500    6.4250    5.4550    4.6700    3.8700    2.9700    2.5350    1.9900    1.8950    1.4700    1.4750    1.2600    1.2300    1.1900    1.2000    1.1600    1.1300 
               Avg T            4.8050    4.4250    4.3100    4.2150    4.7050    5.2400    5.8300    5.8200    6.0100    5.6200    5.6750    5.3950    5.2750    5.2700    5.4500    5.5100    5.0750    5.1000    5.3100    5.0550    5.3450 

TOMP           FDR              0.0150    0.0113    0.0067    0.0129    0.0252    0.0162    0.0185    0.0208    0.0189    0.0228    0.0235    0.0289    0.0223    0.0257    0.0231    0.0201    0.0287    0.0304    0.0244    0.0288    0.0224 
               TPR              0.0025    0.0150    0.0345    0.0965    0.2045    0.3065    0.4855    0.5990    0.7825    0.8775    0.9390    0.9510    0.9735    0.9920    0.9920    0.9960    0.9985    0.9995    0.9990    1.0000    1.0000 
               Avg L            3.0300    4.5600    5.7450    7.3250    7.0900    5.8150    5.4750    4.4500    3.5800    3.2050    2.2600    1.7900    1.8400    1.5600    1.4650    1.2900    1.2950    1.2450    1.1750    1.1550    1.1000 
               Avg T            4.8800    4.4650    4.2950    4.0200    5.0000    4.7600    5.8500    5.5200    5.7800    5.5700    5.4100    5.2400    5.4550    5.3000    5.2600    5.2050    5.1900    5.1500    5.1900    5.0700    5.4150 

TGP            FDR              0.0150    0.0050    0.0092    0.0133    0.0252    0.0183    0.0205    0.0221    0.0152    0.0249    0.0268    0.0257    0.0239    0.0238    0.0266    0.0203    0.0322    0.0297    0.0230    0.0312    0.0249 
               TPR              0.0030    0.0105    0.0330    0.1115    0.1935    0.3210    0.4855    0.5905    0.7840    0.8785    0.9350    0.9560    0.9775    0.9920    0.9900    0.9965    0.9980    0.9995    0.9990    1.0000    1.0000 
               Avg L            3.0000    4.7500    5.9400    7.2000    6.8250    6.1250    5.5550    4.8450    3.5600    3.2050    2.4600    1.8750    1.8200    1.4250    1.4550    1.2900    1.2550    1.1900    1.2000    1.2050    1.0800 
               Avg T            4.7500    4.2150    4.3200    4.2400    4.5400    5.0650    5.6100    6.0100    5.6800    5.8400    5.4750    5.4400    5.5300    5.2000    5.2450    5.2100    5.3400    5.0450    5.2800    5.1000    5.1950 

TACGP          FDR              0.0150    0.0100    0.0058    0.0092    0.0190    0.0219    0.0163    0.0199    0.0175    0.0244    0.0254    0.0283    0.0202    0.0246    0.0269    0.0239    0.0290    0.0291    0.0271    0.0290    0.0254 
               TPR              0.0015    0.0170    0.0345    0.1000    0.1960    0.3105    0.4875    0.5930    0.7715    0.8695    0.9380    0.9495    0.9760    0.9875    0.9920    0.9965    0.9990    0.9985    0.9990    1.0000    1.0000 
               Avg L            2.8850    4.6350    5.7050    7.5950    6.9050    6.2750    5.2900    4.7500    3.8900    3.1450    2.5000    2.0700    1.8950    1.5550    1.4300    1.3000    1.2250    1.1700    1.1900    1.1600    1.0950 
               Avg T            4.8250    4.6100    4.1550    4.2100    4.7250    4.9850    5.6900    5.9050    5.8050    5.5200    5.6800    5.5000    5.5050    5.3800    5.2850    5.2050    5.2250    5.1550    5.4350    5.2300    5.3350 

TMP            FDR              0.0100    0.0092    0.0050    0.0121    0.0184    0.0203    0.0208    0.0199    0.0167    0.0201    0.0228    0.0291    0.0217    0.0259    0.0237    0.0200    0.0329    0.0316    0.0247    0.0255    0.0223 
               TPR              0.0030    0.0090    0.0315    0.1115    0.1920    0.3120    0.4710    0.6005    0.7690    0.8620    0.9335    0.9485    0.9725    0.9885    0.9895    0.9955    0.9985    0.9995    0.9990    1.0000    1.0000 
               Avg L            2.9650    4.7350    5.7300    7.1000    6.9700    6.1700    5.6350    4.7200    3.7550    3.3350    2.1500    1.8900    2.0100    1.4500    1.5000    1.2350    1.2650    1.2700    1.1750    1.1850    1.1150 
               Avg T            4.6450    4.1100    4.1400    4.4450    4.7100    5.1100    5.5100    5.7350    5.8250    5.7900    5.3600    5.2900    5.2950    5.0100    5.3500    5.2200    5.2050    5.0350    5.2850    5.1850    5.1900 

TAFS_rho_0.3   FDR              0.0150    0.0087    0.0117    0.0242    0.0199    0.0252    0.0311    0.0275    0.0230    0.0307    0.0322    0.0347    0.0257    0.0307    0.0315    0.0254    0.0334    0.0322    0.0255    0.0293    0.0241 
               TPR              0.0035    0.0155    0.0420    0.1340    0.2400    0.3645    0.5360    0.6425    0.7930    0.8745    0.9235    0.9525    0.9710    0.9840    0.9900    0.9940    0.9965    0.9985    0.9990    0.9995    1.0000 
               Avg L            2.9950    4.6200    5.7800    7.1450    7.0850    6.3150    5.3800    4.6200    4.2750    3.3450    3.0100    2.3000    2.1750    1.6900    1.6050    1.4450    1.3200    1.2350    1.2950    1.1950    1.1250 
               Avg T            3.6000    2.9600    3.1200    3.6800    4.8250    5.0850    5.6600    5.6900    5.9400    5.3550    5.4450    5.0700    5.2650    4.6300    4.8850    4.6800    4.5250    4.4700    4.5150    4.3950    4.3750 

TAFS_rho_1.0   FDR              0.0150    0.0067    0.0000    0.0071    0.0199    0.0154    0.0186    0.0192    0.0197    0.0271    0.0247    0.0297    0.0221    0.0258    0.0229    0.0225    0.0288    0.0294    0.0279    0.0289    0.0238 
               TPR              0.0030    0.0115    0.0335    0.1100    0.2035    0.3040    0.4850    0.5975    0.7820    0.8780    0.9350    0.9455    0.9780    0.9910    0.9925    0.9965    0.9985    0.9995    0.9990    1.0000    1.0000 
               Avg L            2.8850    4.7700    5.9600    7.3000    7.0500    6.5350    5.4400    4.7550    3.6600    3.1450    2.5200    1.9750    1.8800    1.5900    1.4000    1.3050    1.2550    1.2400    1.2650    1.2000    1.1150 
               Avg T            4.8350    4.3500    4.2550    4.1450    4.9800    4.8400    5.6100    5.8850    5.8400    5.5700    5.4550    5.3400    5.6500    5.3200    5.4650    5.4450    5.1050    5.2650    5.3600    5.1400    5.3550 

TNCGMP_v1      FDR              0.0100    0.0067    0.0067    0.0171    0.0161    0.0186    0.0226    0.0223    0.0175    0.0249    0.0247    0.0285    0.0229    0.0252    0.0267    0.0224    0.0302    0.0291    0.0269    0.0304    0.0267 
               TPR              0.0010    0.0125    0.0360    0.1050    0.1890    0.3215    0.4850    0.5955    0.7765    0.8665    0.9350    0.9590    0.9770    0.9885    0.9925    0.9945    0.9990    0.9995    0.9990    1.0000    1.0000 
               Avg L            2.9600    4.5500    5.8150    7.2200    7.0850    6.1800    5.3900    4.5400    3.8150    3.2300    2.5250    1.8900    1.7650    1.5650    1.4200    1.2450    1.2700    1.2000    1.1800    1.1800    1.1450 
               Avg T            4.7600    4.2600    4.1600    4.3100    4.6000    5.2400    5.5400    5.5900    5.8950    5.6800    5.3500    5.2100    5.4500    5.2300    5.3850    5.2450    5.2800    5.0950    5.1450    5.0650    5.4550 

TNCGMP_v0      FDR              0.0100    0.0050    0.0142    0.0129    0.0168    0.0159    0.0214    0.0196    0.0169    0.0182    0.0262    0.0291    0.0216    0.0255    0.0276    0.0207    0.0324    0.0326    0.0242    0.0229    0.0239 
               TPR              0.0035    0.0090    0.0350    0.1100    0.1895    0.3125    0.4825    0.5925    0.7665    0.8795    0.9255    0.9475    0.9735    0.9885    0.9875    0.9945    0.9980    0.9990    0.9990    1.0000    1.0000 
               Avg L            2.9600    4.7200    5.5850    7.3500    7.0050    6.4150    5.2600    4.4800    3.7550    3.2800    2.5800    2.0300    1.7200    1.4900    1.4750    1.2950    1.3000    1.2250    1.2000    1.1650    1.1400 
               Avg T            4.7050    4.1900    4.2850    4.2700    4.6000    5.4000    5.6600    5.6750    5.8000    5.6800    5.5900    5.5100    5.3900    5.3050    5.2100    5.1600    4.9700    5.0100    5.1700    5.1400    5.3750 

TOOLS          FDR              0.0100    0.0063    0.0042    0.0054    0.0195    0.0203    0.0160    0.0196    0.0188    0.0211    0.0239    0.0310    0.0240    0.0245    0.0265    0.0191    0.0292    0.0268    0.0217    0.0294    0.0238 
               TPR              0.0030    0.0145    0.0335    0.1125    0.1870    0.3065    0.4820    0.5860    0.7700    0.8700    0.9360    0.9470    0.9795    0.9910    0.9935    0.9970    0.9990    0.9995    0.9995    1.0000    1.0000 
               Avg L            2.9200    4.6300    5.8150    7.1800    6.9400    6.5100    5.5450    4.8300    4.0750    3.1150    2.4200    2.1150    1.7050    1.7000    1.3700    1.2250    1.3000    1.1800    1.1950    1.1800    1.1300 
               Avg T            4.6800    4.1650    4.1600    4.1800    4.5950    5.0650    5.7700    5.7100    5.9100    5.4350    5.3800    5.1650    5.3650    5.2550    5.2200    5.1700    5.2750    5.1050    5.1800    5.3000    5.3250 

