
======================================================================
=== Screen-TRex Results (averaged over 200 Monte Carlo runs) ===
======================================================================

  SNR                          0.01      0.10      0.20      0.50      0.60      1.00      2.00      5.00
---------------------------------------------------------------------------------------------------------

TLARS (Ordinary)
  FDR                        0.4623    0.3433    0.2624    0.1106    0.0913    0.0698    0.0471    0.0670
  TPR                        0.0050    0.0350    0.1165    0.4385    0.5395    0.8290    0.9930    1.0000
  Est. FDR                   0.4077    0.4641    0.4637    0.2374    0.1817    0.1141    0.0960    0.0933

TAFS-0.3 (Ordinary)
  FDR                        0.4348    0.3671    0.2811    0.1075    0.0820    0.0680    0.0529    0.0611
  TPR                        0.0050    0.0370    0.1225    0.4985    0.6190    0.9315    1.0000    1.0000
  Est. FDR                   0.3806    0.4958    0.4633    0.2130    0.1664    0.1012    0.0947    0.0939

TOMP (Ordinary)
  FDR                        0.4633    0.3617    0.2832    0.1149    0.0853    0.0568    0.0603    0.0608
  TPR                        0.0045    0.0340    0.1175    0.4960    0.6345    0.9485    1.0000    1.0000
  Est. FDR                   0.3763    0.4833    0.4829    0.2082    0.1587    0.1003    0.0940    0.0939

