
======================================================================
=== Screen-TRex Results (averaged over 200 Monte Carlo runs) ===
======================================================================

  SNR                          0.01      0.10      0.20      0.50      0.60      1.00      2.00      5.00
---------------------------------------------------------------------------------------------------------

Screen-TRex Ordinary: TLARS
  FDR                        0.4492    0.3900    0.2556    0.1107    0.0952    0.0735    0.0495    0.0675
  TPR                        0.0050    0.0360    0.1160    0.4570    0.5420    0.8315    0.9940    1.0000
  Est. FDR                   0.3796    0.5024    0.4622    0.2205    0.1835    0.1133    0.0957    0.0932

Screen-TRex Ordinary: TAFS-0.3
  FDR                        0.4402    0.3771    0.2635    0.1139    0.0777    0.0650    0.0524    0.0621
  TPR                        0.0040    0.0345    0.1245    0.5095    0.6135    0.9330    1.0000    1.0000
  Est. FDR                   0.3774    0.4954    0.4572    0.2068    0.1674    0.1012    0.0948    0.0938

Screen-TRex Ordinary: TOMP
  FDR                        0.4504    0.3337    0.2726    0.1135    0.0809    0.0627    0.0575    0.0598
  TPR                        0.0050    0.0350    0.1125    0.5050    0.6155    0.9460    1.0000    1.0000
  Est. FDR                   0.3688    0.4683    0.4813    0.2015    0.1729    0.1002    0.0943    0.0940

Screen-TRex Bootstrap-CI: TLARS
  FDR                        0.3688    0.3050    0.1767    0.0536    0.0356    0.0266    0.0364    0.0556
  TPR                        0.0040    0.0295    0.0795    0.2140    0.2590    0.3830    0.7735    0.8900
  Est. FDR                   0.3254    0.3928    0.3345    0.1094    0.0862    0.0482    0.0740    0.0834

Screen-TRex Bootstrap-CI: TAFS-0.3
  FDR                        0.2815    0.2487    0.1506    0.0460    0.0340    0.0370    0.0413    0.0429
  TPR                        0.0040    0.0220    0.0645    0.2180    0.3000    0.6020    0.7350    0.6850
  Est. FDR                   0.2545    0.3229    0.2392    0.0668    0.0660    0.0625    0.0694    0.0642

Screen-TRex Bootstrap-CI: TOMP
  FDR                        0.3867    0.3482    0.2922    0.1203    0.0922    0.0627    0.0582    0.0567
  TPR                        0.0045    0.0310    0.1055    0.4585    0.5990    0.9155    0.9650    0.9450
  Est. FDR                   0.3307    0.4689    0.4704    0.1921    0.1456    0.0985    0.0907    0.0888

