
==============================================================================
  DA-TRex MC: da_ht_white_tFDR_s1_Gauss_Complete  (MC=200)
  HT+white tFDR sweep  n=150  p_total=500  M=5  Q=5  p_ar=25  s=5  rho=0.800000  SNR=2.000000  nu=3.000000  noise=s1_Gauss  linkage=Complete
==============================================================================

Solver          Metric   tFDR      0.05      0.10      0.15      0.20      0.25      0.30      0.35      0.40      0.45      0.50
---------------------------------------------------------------------------------------------------------------------------------
TREX-DA: TLARS  FDR              0.0306    0.0393    0.0606    0.0718    0.1041    0.1350    0.1876    0.2418    0.3217    0.3835
                sd_FDR           0.0873    0.1163    0.1164    0.1216    0.1393    0.1547    0.1829    0.1850    0.1740    0.1631
                TPR              0.6280    0.7330    0.7620    0.7910    0.7960    0.7850    0.8000    0.8240    0.8900    0.9100
                sd_TPR           0.2713    0.2349    0.2068    0.1937    0.1804    0.2054    0.2005    0.2192    0.1650    0.1745
                Avg L            6.4500    3.4350    2.4000    1.8600    1.2950    1.0750    1.0400    1.0200    1.0050    1.0000
                Avg T           11.7700   12.6450   11.9450   10.4450    8.6750    8.5200   10.3750   10.5200   16.0500   20.1450

TREX-DA: TAFS   FDR              0.0631    0.0462    0.0771    0.0809    0.1155    0.1495    0.1908    0.2317    0.2996    0.3250
                sd_FDR           0.1201    0.0972    0.1209    0.1268    0.1388    0.1546    0.1572    0.1351    0.1358    0.1365
                TPR              0.7780    0.8330    0.8510    0.8900    0.8580    0.8780    0.9160    0.9180    0.9440    0.9340
                sd_TPR           0.2362    0.2033    0.1771    0.1550    0.1636    0.1699    0.1706    0.1656    0.1137    0.1433
                Avg L            5.3600    2.7850    2.1300    1.5800    1.0900    1.0250    1.0000    1.0050    1.0000    1.0000
                Avg T            6.5100    6.6200    6.6400    6.7800    6.5850    6.4700    7.3850    8.1300    8.4050    8.6800

TREX-DA: TOMP   FDR              0.0578    0.0505    0.0595    0.0748    0.1026    0.1254    0.1772    0.1851    0.2145    0.2134
                sd_FDR           0.1144    0.1025    0.1017    0.1225    0.1279    0.1464    0.1325    0.1400    0.1539    0.1503
                TPR              0.9120    0.9300    0.9440    0.9500    0.9460    0.9310    0.9540    0.9560    0.9610    0.9380
                sd_TPR           0.1778    0.1537    0.1189    0.1112    0.1215    0.1369    0.1247    0.1064    0.0890    0.1226
                Avg L            4.5550    2.4100    2.0550    1.2100    1.0400    1.0150    1.0150    1.0050    1.0000    1.0050
                Avg T            7.6550    7.2550    7.5800    6.9600    7.3800    7.4550    7.8050    8.1800    8.1400    8.2350

==============================================================================

