
==============================================================================
  DA-TRex MC: da_ht_white_rho_s2_Heavy_Single  (MC=200)
  HT+white rho sweep  n=150  p_total=500  M=5  Q=5  s=5  SNR=2.000000  nu=3.000000  noise=s2_Heavy  linkage=Single
==============================================================================

Solver          Metric    Rho         0      0.10      0.20      0.30      0.40      0.50      0.60      0.70      0.80      0.90
---------------------------------------------------------------------------------------------------------------------------------
TREX-DA: TLARS  FDR              0.0577    0.0643    0.0667    0.0501    0.0301    0.0552    0.0469    0.0394    0.0497    0.0877
                sd_FDR           0.1277    0.1322    0.1510    0.1145    0.0788    0.0936    0.0974    0.1080    0.1064    0.1635
                TPR              0.5670    0.5820    0.6580    0.7120    0.8110    0.8450    0.8610    0.8150    0.7690    0.6230
                sd_TPR           0.2666    0.2654    0.2687    0.2469    0.2340    0.2059    0.2261    0.2159    0.2123    0.2408
                Avg L            2.1250    2.1150    2.1000    2.0700    1.8950    1.8000    1.8400    1.8400    1.8500    1.8700
                Avg T           22.5950   20.8950   19.3150   16.8650   17.7700   18.3200   16.8450   16.8300   16.0650   17.1650

TREX-DA: TAFS   FDR              0.0673    0.0722    0.0580    0.0705    0.0450    0.0519    0.0515    0.0622    0.0801    0.1662
                sd_FDR           0.1271    0.1347    0.1274    0.1323    0.1018    0.0870    0.0965    0.1204    0.1188    0.1615
                TPR              0.5900    0.6120    0.6910    0.7660    0.8370    0.9090    0.9050    0.8950    0.8870    0.7610
                sd_TPR           0.2605    0.2833    0.2784    0.2373    0.2197    0.1813    0.1933    0.1837    0.1508    0.1888
                Avg L            2.0200    1.9250    1.9700    1.8950    1.7500    1.6250    1.5600    1.6200    1.6150    1.5050
                Avg T            6.6550    6.8450    6.7850    6.7300    6.2550    6.3650    6.0400    6.2000    6.8050    6.6900

TREX-DA: TOMP   FDR              0.0954    0.0883    0.0818    0.0707    0.0609    0.0663    0.0738    0.0807    0.0896    0.1816
                sd_FDR           0.1567    0.1432    0.1576    0.1190    0.1088    0.0954    0.1060    0.1265    0.1334    0.1686
                TPR              0.6100    0.6450    0.6960    0.7910    0.8750    0.9380    0.9480    0.9470    0.9370    0.8510
                sd_TPR           0.2566    0.2633    0.2778    0.2315    0.2039    0.1532    0.1704    0.1533    0.1293    0.1736
                Avg L            1.9150    1.9450    1.9250    1.7700    1.5750    1.4350    1.3900    1.3800    1.2800    1.2500
                Avg T            7.1200    7.4650    7.3450    7.1650    6.5400    6.6850    6.2400    6.3400    6.4550    6.4500

==============================================================================

