
==============================================================================
  DA-TRex MC: da_ht_white_Q_s2_Heavy_Single  (MC=200)
  HT+white Q sweep  n=150  p_total=500  M=5  s=5  rho=0.800000  SNR=2.000000  nu=3.000000  p_ar=M*Q varies  noise=s2_Heavy  linkage=Single
==============================================================================

Solver          Metric      Q         5        10        15        20        25        30        35        40        45        50
---------------------------------------------------------------------------------------------------------------------------------
TREX-DA: TLARS  FDR              0.0511    0.0645    0.0632    0.0845    0.0904    0.0874    0.1025    0.1148    0.1185    0.1408
                sd_FDR           0.1246    0.1319    0.1129    0.1547    0.1514    0.1477    0.1889    0.1937    0.2071    0.1834
                TPR              0.7220    0.7320    0.7460    0.7380    0.7310    0.7350    0.7440    0.6830    0.6950    0.6650
                sd_TPR           0.2336    0.2500    0.2412    0.2384    0.2343    0.2259    0.2357    0.2744    0.2799    0.2637
                Avg L            1.8450    1.8600    1.8900    1.9600    1.9800    1.8900    1.8950    1.9250    1.9900    2.0200
                Avg T           15.2500   20.8750   20.9150   35.3800   38.2700   35.0300   28.9850   30.4550   25.5500   29.5550

TREX-DA: TAFS   FDR              0.0944    0.0903    0.0780    0.0908    0.0890    0.0800    0.1023    0.0848    0.0768    0.0992
                sd_FDR           0.1337    0.1264    0.1381    0.1316    0.1430    0.1260    0.1565    0.1381    0.1331    0.1403
                TPR              0.8420    0.8560    0.8550    0.8330    0.8370    0.8320    0.8370    0.8390    0.8410    0.8260
                sd_TPR           0.2031    0.1667    0.1984    0.1824    0.2104    0.1875    0.2016    0.2002    0.2199    0.2077
                Avg L            1.6400    1.6500    1.6850    1.7750    1.7150    1.6950    1.7800    1.8250    1.9750    1.9550
                Avg T            6.2800    6.4550    6.4700    6.6100    6.6750    6.8950    7.4150    7.3900    7.4650    7.2150

TREX-DA: TOMP   FDR              0.1096    0.0869    0.0766    0.0645    0.0770    0.0725    0.0790    0.0633    0.0583    0.0788
                sd_FDR           0.1375    0.1195    0.1247    0.1137    0.1139    0.1159    0.1302    0.1064    0.1232    0.1289
                TPR              0.9170    0.9280    0.9290    0.9210    0.9100    0.9130    0.9180    0.9250    0.9280    0.9010
                sd_TPR           0.1669    0.1331    0.1526    0.1565    0.1626    0.1535    0.1644    0.1546    0.1541    0.1665
                Avg L            1.3200    1.4450    1.5300    1.5250    1.5200    1.4850    1.6800    1.7850    1.9550    1.9550
                Avg T            6.3000    6.2050    6.0700    6.1950    5.8500    6.7850    7.4800    7.5350    7.7500    7.7300

==============================================================================

