
==============================================================================
  DA-TRex MC: da_ht_white_M_s2_Heavy_Average  (MC=200)
  HT+white M sweep  n=150  p_total=500  Q=5  rho=0.800000  SNR=2.000000  nu=3.000000  p_ar=M*Q and s=M vary  noise=s2_Heavy  linkage=Average
==============================================================================

Solver          Metric      M         1         3         5        10        15        20        30
---------------------------------------------------------------------------------------------------
TREX-DA: TLARS  FDR              0.1444    0.1039    0.1097    0.2056    0.1848    0.2214    0.2297
                sd_FDR           0.2617    0.1861    0.1639    0.1864    0.2241    0.2831    0.3149
                TPR              0.8000    0.7983    0.7530    0.4335    0.2280    0.0855    0.0428
                sd_TPR           0.4010    0.2453    0.2035    0.2104    0.1558    0.0953    0.0578
                Avg L            3.8800    2.0750    1.7000    2.2650    2.8000    2.9400    2.9950
                Avg T           21.1000   14.3950   13.2300    7.4500    5.9550    6.0200    6.0700

TREX-DA: TAFS   FDR              0.1100    0.1096    0.1079    0.1806    0.2169    0.2201    0.1888
                sd_FDR           0.3096    0.1766    0.1500    0.1612    0.2490    0.2842    0.3132
                TPR              0.0100    0.6917    0.8630    0.6135    0.2707    0.0965    0.0323
                sd_TPR           0.0997    0.2164    0.1755    0.2752    0.1965    0.1058    0.0409
                Avg L            1.3600    2.0600    1.4550    1.6350    2.3750    2.7550    3.0100
                Avg T            5.8950    6.8250    6.1250    6.4950    7.3400    5.6450    5.5100

TREX-DA: TOMP   FDR              0.1233    0.1204    0.1175    0.1871    0.2056    0.2454    0.1806
                sd_FDR           0.2174    0.1600    0.1352    0.1884    0.2722    0.3186    0.3248
                TPR              0.9950    0.9883    0.9380    0.5810    0.2167    0.0743    0.0258
                sd_TPR           0.0707    0.0699    0.1465    0.2934    0.1803    0.0808    0.0328
                Avg L            4.4700    2.0050    1.1650    1.5800    2.3200    2.7650    3.0550
                Avg T            7.6500    7.7650    6.6900    6.7600    6.7750    7.1650    7.0500

==============================================================================

