
==============================================================================
  DA-TRex MC: da_ht_white_rho_s1_Gauss_Complete  (MC=200)
  HT+white rho sweep  n=150  p_total=500  M=5  Q=5  s=5  SNR=2.000000  nu=3.000000  noise=s1_Gauss  linkage=Complete
==============================================================================

Solver          Metric    Rho         0      0.10      0.20      0.30      0.40      0.50      0.60      0.70      0.80      0.90
---------------------------------------------------------------------------------------------------------------------------------
TREX-DA: TLARS  FDR              0.0696    0.0753    0.0682    0.0531    0.0707    0.0665    0.0712    0.0788    0.0831    0.0974
                sd_FDR           0.1067    0.1119    0.1073    0.1000    0.1115    0.1099    0.1178    0.1255    0.1251    0.1717
                TPR              0.9050    0.9180    0.9330    0.9240    0.9180    0.9020    0.8940    0.8360    0.7720    0.6370
                sd_TPR           0.1912    0.1883    0.1450    0.1440    0.1462    0.1527    0.1578    0.1972    0.1849    0.2347
                Avg L            2.0850    2.0500    2.0650    1.9950    1.9350    1.8300    1.8500    1.7500    1.7800    1.8000
                Avg T           14.0950   13.7400   11.1000   12.2500   10.2500   10.0400   12.0300   10.3550   10.9300   12.7800

TREX-DA: TAFS   FDR              0.0598    0.0580    0.0594    0.0453    0.0577    0.0554    0.0643    0.0556    0.0914    0.1722
                sd_FDR           0.0952    0.0935    0.0923    0.0903    0.0951    0.0969    0.1099    0.0951    0.1198    0.1892
                TPR              0.9470    0.9460    0.9590    0.9710    0.9600    0.9550    0.9440    0.9230    0.8850    0.7730
                sd_TPR           0.1776    0.1790    0.1349    0.1010    0.1299    0.1159    0.1555    0.1662    0.1706    0.2012
                Avg L            1.9600    1.9050    1.9450    1.9150    1.7350    1.6200    1.5650    1.5100    1.5100    1.6200
                Avg T            6.8900    6.8050    6.6350    6.6100    6.5850    6.5950    6.6850    6.5200    6.6100    7.1600

TREX-DA: TOMP   FDR              0.0443    0.0409    0.0350    0.0453    0.0416    0.0359    0.0429    0.0450    0.0680    0.1738
                sd_FDR           0.0844    0.0858    0.0775    0.0879    0.0856    0.0759    0.0860    0.0950    0.1111    0.1732
                TPR              0.9710    0.9810    0.9790    0.9870    0.9780    0.9760    0.9800    0.9640    0.9520    0.8340
                sd_TPR           0.1087    0.1127    0.0906    0.0604    0.0957    0.1053    0.1003    0.1056    0.1027    0.1861
                Avg L            1.9800    1.9050    1.8900    1.8300    1.6900    1.5250    1.4300    1.2700    1.1250    1.1200
                Avg T            7.7000    7.4500    7.5000    7.4250    7.3000    7.2450    7.0700    7.1950    7.3350    7.4800

==============================================================================

