
==============================================================================
  DA-TRex MC: da_ht_white_snr_s1_Gauss_Average  (MC=200)
  HT+white SNR sweep  n=150  p_total=500  M=5  Q=5  p_ar=25  s=5  rho=0.800000  nu=3.000000  noise=s1_Gauss  linkage=Average
==============================================================================

Solver          Metric    SNR      0.10      0.20      0.50      0.60         1         2         5
---------------------------------------------------------------------------------------------------
TREX-DA: TLARS  FDR              0.0225    0.0633    0.1099    0.0782    0.1095    0.0621    0.0726
                sd_FDR           0.1444    0.2313    0.2360    0.1757    0.1722    0.1160    0.1251
                TPR              0.0020    0.0230    0.2190    0.2860    0.5750    0.7590    0.8060
                sd_TPR           0.0199    0.0700    0.2080    0.2308    0.2463    0.2181    0.1880
                Avg L            1.4900    2.1050    3.4800    3.1250    2.4600    1.7850    1.6300
                Avg T            7.7750    7.9150    6.9400    7.3550    8.0450   12.7750   18.2400

TREX-DA: TAFS   FDR              0.0125    0.0500    0.1362    0.1187    0.1355    0.0889    0.0576
                sd_FDR           0.1056    0.2127    0.2519    0.2032    0.1744    0.1398    0.1098
                TPR              0.0050    0.0220    0.2560    0.3500    0.7020    0.8640    0.8190
                sd_TPR           0.0313    0.0688    0.2340    0.2696    0.2629    0.1779    0.1293
                Avg L            1.5800    2.1450    3.4250    2.9950    2.0950    1.5350    1.3600
                Avg T            5.7400    5.3200    5.5700    5.1050    6.1350    6.9100    6.9150

TREX-DA: TOMP   FDR              0.0350    0.0550    0.1521    0.1458    0.1329    0.0926    0.0497
                sd_FDR           0.1842    0.2286    0.2761    0.2329    0.1958    0.1404    0.0933
                TPR              0.0070    0.0230    0.2530    0.3520    0.7180    0.9250    0.9850
                sd_TPR           0.0368    0.0640    0.2145    0.2522    0.2684    0.1466    0.0565
                Avg L            1.7100    2.5000    3.4000    2.9200    1.9350    1.1450    1.0500
                Avg T            7.4500    7.2300    6.6950    6.5750    7.0650    6.7100    6.9400

==============================================================================

