
==============================================================================
  DA-TRex MC: da_ht_white_rho_s1_Gauss_Single  (MC=200)
  HT+white rho sweep  n=150  p_total=500  M=5  Q=5  s=5  SNR=2.000000  nu=3.000000  noise=s1_Gauss  linkage=Single
==============================================================================

Solver          Metric    Rho         0      0.10      0.20      0.30      0.40      0.50      0.60      0.70      0.80      0.90
---------------------------------------------------------------------------------------------------------------------------------
TREX-DA: TLARS  FDR              0.0203    0.0263    0.0343    0.0213    0.0187    0.0209    0.0220    0.0257    0.0323    0.0681
                sd_FDR           0.0809    0.0878    0.0943    0.0705    0.0592    0.0646    0.0691    0.0740    0.0787    0.1498
                TPR              0.5550    0.5920    0.6470    0.7020    0.8110    0.8600    0.8710    0.8200    0.7650    0.6310
                sd_TPR           0.2548    0.2689    0.2637    0.2406    0.2171    0.1944    0.1858    0.2084    0.2049    0.2365
                Avg L            2.1500    2.1650    2.1050    2.1250    2.0050    1.9050    1.9000    1.9550    1.9000    1.8500
                Avg T           21.9300   24.3200   22.6600   18.6000   19.6250   16.5650   20.3750   16.9650   19.9150   17.7200

TREX-DA: TAFS   FDR              0.0211    0.0251    0.0173    0.0163    0.0152    0.0149    0.0169    0.0181    0.0515    0.1624
                sd_FDR           0.0707    0.0795    0.0680    0.0585    0.0563    0.0522    0.0575    0.0642    0.0991    0.1994
                TPR              0.6060    0.6320    0.7120    0.7540    0.8820    0.9210    0.9380    0.9260    0.8850    0.7670
                sd_TPR           0.2682    0.2929    0.2747    0.2534    0.1987    0.1603    0.1621    0.1681    0.1706    0.2120
                Avg L            2.0400    1.9900    2.0250    1.9450    1.7900    1.6950    1.6550    1.6650    1.6300    1.7150
                Avg T            7.1650    7.1750    6.9950    6.6100    6.8750    6.3150    6.2650    6.8400    6.5150    7.0800

TREX-DA: TOMP   FDR              0.0152    0.0195    0.0144    0.0217    0.0219    0.0153    0.0204    0.0230    0.0440    0.1571
                sd_FDR           0.0594    0.0653    0.0561    0.0651    0.0654    0.0537    0.0575    0.0648    0.0908    0.1710
                TPR              0.6450    0.6780    0.7460    0.8050    0.9020    0.9550    0.9720    0.9630    0.9490    0.8310
                sd_TPR           0.2686    0.2784    0.2762    0.2393    0.1804    0.1352    0.1099    0.1062    0.1152    0.1860
                Avg L            2.0350    2.0000    1.9450    1.9100    1.7150    1.5400    1.4600    1.3950    1.3250    1.2750
                Avg T            7.6500    7.5150    7.5350    7.4150    6.9600    6.2550    5.8850    6.2150    6.0550    6.6300

==============================================================================

