
==============================================================================
  DA-TRex MC: da_ht_white_snr_s2_Heavy_Complete  (MC=200)
  HT+white SNR sweep  n=150  p_total=500  M=5  Q=5  p_ar=25  s=5  rho=0.800000  nu=3.000000  noise=s2_Heavy  linkage=Complete
==============================================================================

Solver          Metric    SNR      0.10      0.20      0.50      0.60         1         2         5
---------------------------------------------------------------------------------------------------
TREX-DA: TLARS  FDR              0.1442    0.1878    0.1665    0.2045    0.1324    0.1172    0.1281
                sd_FDR           0.3471    0.3685    0.2710    0.2855    0.1962    0.1422    0.1629
                TPR              0.0090    0.0530    0.3120    0.3820    0.6120    0.7910    0.8080
                sd_TPR           0.0416    0.1143    0.2541    0.2801    0.2783    0.1957    0.2013
                Avg L            2.0700    2.6900    2.9950    3.0350    2.2650    1.7050    1.4600
                Avg T            6.9400    5.9250    9.1600    6.4500   10.6150    9.2600   11.2650

TREX-DA: TAFS   FDR              0.1658    0.1899    0.2105    0.2121    0.1447    0.1356    0.1266
                sd_FDR           0.3663    0.3567    0.2980    0.2710    0.1756    0.1476    0.1572
                TPR              0.0110    0.0560    0.3580    0.4560    0.7550    0.8800    0.8180
                sd_TPR           0.0457    0.1222    0.2903    0.3062    0.2796    0.1487    0.1619
                Avg L            2.3600    2.7650    2.9300    2.6450    1.8050    1.4650    1.3550
                Avg T            5.5000    5.0250    5.7550    5.9050    6.3350    6.4350    6.0250

TREX-DA: TOMP   FDR              0.1600    0.1996    0.2062    0.2228    0.1454    0.1458    0.1336
                sd_FDR           0.3641    0.3679    0.2854    0.2887    0.1874    0.1410    0.1485
                TPR              0.0130    0.0530    0.3660    0.4360    0.7810    0.9400    0.9710
                sd_TPR           0.0533    0.1125    0.3008    0.3213    0.2649    0.1375    0.1087
                Avg L            2.4500    2.8450    2.9550    2.5350    1.6450    1.1450    1.0750
                Avg T            7.4050    7.1350    6.8850    6.5000    6.5950    6.9500    6.9050

==============================================================================

