
==============================================================================
  DA-TRex MC: da_ht_white_Q_s1_Gauss_Complete  (MC=200)
  HT+white Q sweep  n=150  p_total=500  M=5  s=5  rho=0.800000  SNR=2.000000  nu=3.000000  p_ar=M*Q varies  noise=s1_Gauss  linkage=Complete
==============================================================================

Solver          Metric      Q         5        10        15        20        25        30        35        40        45        50
---------------------------------------------------------------------------------------------------------------------------------
TREX-DA: TLARS  FDR              0.0965    0.1200    0.1423    0.1443    0.1321    0.1288    0.1506    0.1286    0.1558    0.1654
                sd_FDR           0.1376    0.1453    0.1699    0.1656    0.1584    0.1595    0.1876    0.1625    0.1820    0.1691
                TPR              0.7220    0.7990    0.7620    0.7780    0.7700    0.7970    0.7970    0.7780    0.7640    0.7790
                sd_TPR           0.2396    0.1886    0.2107    0.2082    0.2194    0.2059    0.2402    0.2249    0.2194    0.2049
                Avg L            1.8400    1.7700    1.8100    1.7300    1.8400    1.7300    1.7400    1.7100    1.8950    1.7150
                Avg T           12.9000   13.0350   13.9100   14.2050   19.1900   22.3600   18.2500   17.2750   17.8050   15.7750

TREX-DA: TAFS   FDR              0.0989    0.0987    0.1200    0.1014    0.1115    0.0940    0.1160    0.1199    0.1229    0.1139
                sd_FDR           0.1299    0.1278    0.1468    0.1290    0.1453    0.1360    0.1590    0.1523    0.1650    0.1323
                TPR              0.8570    0.8860    0.8740    0.8840    0.8730    0.8960    0.8850    0.8660    0.8900    0.8860
                sd_TPR           0.1948    0.1573    0.1645    0.1775    0.1966    0.1653    0.1938    0.2006    0.1791    0.1547
                Avg L            1.5750    1.4850    1.5700    1.4950    1.5550    1.5050    1.5350    1.6450    1.7250    1.7300
                Avg T            6.7950    6.8550    6.8800    7.0250    6.9600    7.2550    6.8400    6.8800    6.7350    6.8700

TREX-DA: TOMP   FDR              0.0758    0.0776    0.0893    0.0689    0.0824    0.0629    0.0651    0.0683    0.0667    0.0679
                sd_FDR           0.1164    0.1239    0.1176    0.1154    0.1297    0.0986    0.1094    0.1104    0.1193    0.1199
                TPR              0.9340    0.9490    0.9290    0.9370    0.9320    0.9520    0.9460    0.9360    0.9530    0.9480
                sd_TPR           0.1332    0.1116    0.1298    0.1213    0.1291    0.0924    0.1198    0.1326    0.1186    0.1173
                Avg L            1.1900    1.1400    1.2050    1.1400    1.2300    1.1700    1.3100    1.4550    1.6400    1.7450
                Avg T            7.2350    7.0600    7.1400    7.3400    7.3850    7.4350    7.6150    7.6400    7.5800    7.7700

==============================================================================

