
==============================================================================
  DA-TRex MC: da_ht_white_Q_s1_Gauss_Single  (MC=200)
  HT+white Q sweep  n=150  p_total=500  M=5  s=5  rho=0.800000  SNR=2.000000  nu=3.000000  p_ar=M*Q varies  noise=s1_Gauss  linkage=Single
==============================================================================

Solver          Metric      Q         5        10        15        20        25        30        35        40        45        50
---------------------------------------------------------------------------------------------------------------------------------
TREX-DA: TLARS  FDR              0.0357    0.0540    0.0756    0.0755    0.0788    0.0765    0.0898    0.1059    0.1203    0.1197
                sd_FDR           0.0938    0.1130    0.1686    0.1639    0.1599    0.1404    0.1843    0.1815    0.1900    0.2011
                TPR              0.7200    0.7610    0.7200    0.7360    0.7240    0.7380    0.7260    0.7100    0.6880    0.7160
                sd_TPR           0.2431    0.2081    0.2630    0.2396    0.2493    0.2376    0.2662    0.2597    0.2776    0.2563
                Avg L            1.9200    1.9300    1.9400    1.9600    2.0050    1.8500    1.9550    2.1600    1.9950    2.0250
                Avg T           18.5850   22.2400   26.8150   30.1950   37.0500   27.0800   29.1100   26.2300   28.6350   28.4300

TREX-DA: TAFS   FDR              0.0703    0.0636    0.0850    0.0668    0.0731    0.0690    0.0777    0.0864    0.0688    0.0830
                sd_FDR           0.1168    0.1281    0.1332    0.1235    0.1331    0.1250    0.1358    0.1419    0.1224    0.1423
                TPR              0.8590    0.8710    0.8510    0.8670    0.8590    0.8720    0.8580    0.8330    0.8320    0.8510
                sd_TPR           0.1835    0.1758    0.1944    0.1884    0.2053    0.1783    0.1991    0.2249    0.2368    0.1923
                Avg L            1.6800    1.7850    1.8200    1.7200    1.7600    1.7050    1.8500    1.9600    1.9650    1.9900
                Avg T            6.5050    6.4000    6.5000    6.4400    6.4650    6.9700    7.1000    7.2000    7.1600    7.2800

TREX-DA: TOMP   FDR              0.0566    0.0539    0.0658    0.0506    0.0590    0.0482    0.0477    0.0555    0.0480    0.0515
                sd_FDR           0.1093    0.0960    0.1087    0.1028    0.1142    0.0932    0.1058    0.1015    0.1079    0.1095
                TPR              0.9310    0.9400    0.9220    0.9250    0.9220    0.9330    0.9370    0.9290    0.9340    0.9400
                sd_TPR           0.1339    0.1268    0.1312    0.1321    0.1415    0.1191    0.1354    0.1373    0.1391    0.1236
                Avg L            1.3800    1.4650    1.5650    1.5300    1.4500    1.4900    1.7650    1.9150    2.0100    1.9650
                Avg T            6.4100    6.0150    6.1900    5.6500    4.9900    6.2400    7.4400    7.5900    7.7700    7.8450

==============================================================================

