
==============================================================================
  DA-TRex MC: da_ht_white_rho_s1_Gauss_Average  (MC=200)
  HT+white rho sweep  n=150  p_total=500  M=5  Q=5  s=5  SNR=2.000000  nu=3.000000  noise=s1_Gauss  linkage=Average
==============================================================================

Solver          Metric    Rho         0      0.10      0.20      0.30      0.40      0.50      0.60      0.70      0.80      0.90
---------------------------------------------------------------------------------------------------------------------------------
TREX-DA: TLARS  FDR              0.0631    0.0686    0.0633    0.0529    0.0744    0.0684    0.0676    0.0669    0.0824    0.1086
                sd_FDR           0.1016    0.1068    0.1051    0.0976    0.1140    0.1155    0.1120    0.1176    0.1300    0.1831
                TPR              0.8950    0.9220    0.9190    0.9260    0.9120    0.8980    0.8920    0.8240    0.7600    0.6400
                sd_TPR           0.2064    0.1910    0.1806    0.1379    0.1661    0.1629    0.1639    0.2031    0.1923    0.2364
                Avg L            2.1200    2.1400    2.0550    2.0150    1.9250    1.8850    1.8450    1.8100    1.7750    1.8300
                Avg T           17.1300   17.5500   14.3700   11.8200   12.0550   12.2150   15.1550   10.9200   12.8700   13.1150

TREX-DA: TAFS   FDR              0.0674    0.0542    0.0588    0.0445    0.0597    0.0480    0.0592    0.0542    0.0831    0.1720
                sd_FDR           0.1044    0.0865    0.0961    0.0873    0.1027    0.0944    0.1021    0.0958    0.1148    0.1993
                TPR              0.9400    0.9340    0.9580    0.9610    0.9550    0.9520    0.9490    0.9230    0.8890    0.7660
                sd_TPR           0.1748    0.1966    0.1354    0.1310    0.1424    0.1334    0.1487    0.1536    0.1637    0.2104
                Avg L            1.9850    1.9400    2.0050    1.8900    1.7200    1.6500    1.5450    1.5200    1.4850    1.6000
                Avg T            6.9100    6.9250    6.9450    6.4800    6.6350    6.6900    6.6950    6.4800    6.4800    6.8350

TREX-DA: TOMP   FDR              0.0392    0.0398    0.0361    0.0422    0.0458    0.0345    0.0368    0.0401    0.0691    0.1711
                sd_FDR           0.0809    0.0808    0.0783    0.0833    0.0960    0.0768    0.0788    0.0908    0.1112    0.1722
                TPR              0.9690    0.9730    0.9770    0.9850    0.9740    0.9810    0.9790    0.9660    0.9500    0.8350
                sd_TPR           0.1136    0.1310    0.1026    0.0663    0.1140    0.0888    0.0970    0.1044    0.1165    0.1842
                Avg L            1.9450    1.9950    1.9300    1.8100    1.6650    1.4600    1.3750    1.2000    1.1300    1.1450
                Avg T            7.5950    7.7150    7.5550    7.3350    7.1850    7.1250    6.9650    6.7550    6.7800    7.3600

==============================================================================

