
======================================================================
=== T-Rex SPCA Results (averaged over 200 MC trials) ===
======================================================================

  SNR(dB)                    -10.00     -7.00     -5.00     -3.00      0.00      3.00      5.00      7.00     10.00
-------------------------------------------------------------------------------------------------------------------

OrdPCA
  FDR                        0.9500    0.9500    0.9500    0.9500    0.9500    0.9500    0.9500    0.9500    0.9500
  TPR                        1.0000    1.0000    1.0000    1.0000    1.0000    1.0000    1.0000    1.0000    1.0000
  PEV                        0.2021    0.2620    0.3248    0.4045    0.5507    0.6976    0.7826    0.8490    0.9174

OraclePCA
  FDR                        0.0060    0.0000    0.0000    0.0000    0.0000    0.0000    0.0000    0.0000    0.0000
  TPR                        0.9940    1.0000    1.0000    1.0000    1.0000    1.0000    1.0000    1.0000    1.0000
  PEV                        0.1241    0.1935    0.2630    0.3475    0.5047    0.6622    0.7499    0.8219    0.8925

TRexSPCA-EN-Act
  FDR                        0.0924    0.0668    0.0623    0.0642    0.0698    0.0612    0.0809    0.0691    0.0790
  TPR                        0.9960    1.0000    1.0000    1.0000    1.0000    1.0000    1.0000    1.0000    1.0000
  PEV                        0.1177    0.1820    0.2498    0.3289    0.4692    0.6058    0.6737    0.7152    0.7478

TRexSPCA-ENaug-Act
  FDR                        0.0940    0.0638    0.0597    0.0664    0.0730    0.0645    0.0747    0.0632    0.0691
  TPR                        0.9960    1.0000    1.0000    1.0000    1.0000    1.0000    1.0000    1.0000    1.0000
  PEV                        0.1176    0.1823    0.2496    0.3286    0.4691    0.6064    0.6728    0.7119    0.7458

TRexSPCA-EN-Thr
  FDR                        0.1004    0.0683    0.0573    0.0586    0.0692    0.0634    0.0746    0.0662    0.0659
  TPR                        0.9970    1.0000    1.0000    1.0000    1.0000    1.0000    1.0000    1.0000    1.0000
  PEV                        0.1281    0.1947    0.2633    0.3468    0.4986    0.6524    0.7401    0.8093    0.8807

TRexSPCA-ENaug-Thr
  FDR                        0.0979    0.0692    0.0574    0.0669    0.0682    0.0626    0.0849    0.0653    0.0698
  TPR                        0.9970    1.0000    1.0000    1.0000    1.0000    1.0000    1.0000    1.0000    1.0000
  PEV                        0.1281    0.1948    0.2632    0.3464    0.4986    0.6519    0.7396    0.8102    0.8811

