
==============================================================================
  DA-TRex MC: da_ht_blocks_M_s2_Heavy_Average  (MC=200)
  HT-block M sweep  n=150  Q=5  rho=0.8  SNR=2  nu=3  p=M*Q and s=M vary
  noise=s2_Heavy  linkage=Average
==============================================================================

  M                               1         3         5        10        15        20        30
-----------------------------------------------------------------------------------------------

TREX-DA+BT: TLARS
  FDR                        0.0575    0.1015    0.1435    0.1860    0.1924    0.2420    0.2279
  sd_FDR                     0.2137    0.1987    0.1860    0.1723    0.1707    0.2188    0.2551
  TPR                        0.1900    0.6383    0.7240    0.5940    0.4233    0.2293    0.0912
  sd_TPR                     0.3933    0.3894    0.2509    0.2076    0.2009    0.1719    0.0978
  Avg L                      1.6600    2.0950    1.7300    1.5200    2.0950    2.3600    2.7400
  Avg T                      7.5450   21.8200   27.7800   19.4050   15.8050    9.1900    7.3050

TREX-DA+BT: TAFS
  FDR                        0.0400    0.1683    0.0943    0.0892    0.1437    0.1905    0.1742
  sd_FDR                     0.1965    0.2789    0.1432    0.1006    0.1400    0.2131    0.2672
  TPR                        0.0000    0.3300    0.7640    0.7370    0.5207    0.2215    0.0538
  sd_TPR                     0.0000    0.3044    0.2301    0.2186    0.2436    0.1684    0.0623
  Avg L                      1.0550    1.8000    1.8100    1.5700    2.2200    2.6250    3.0000
  Avg T                      5.0950    7.6200    7.5100    6.5350    6.8900    6.2150    5.7950

TREX-DA+BT: TOMP
  FDR                        0.0000    0.0242    0.0297    0.0889    0.1382    0.1768    0.1637
  sd_FDR                     0.0000    0.1094    0.0778    0.1035    0.1363    0.2089    0.2854
  TPR                        0.2750    0.7767    0.9180    0.7585    0.4750    0.1810    0.0405
  sd_TPR                     0.4476    0.4012    0.1680    0.2172    0.2400    0.1522    0.0515
  Avg L                      1.8300    2.3100    1.9350    1.5100    2.0000    2.5800    3.0250
  Avg T                      5.7700    7.8650    7.8750    7.1400    6.7400    6.5100    6.6550

