
==============================================================================
  DA-TRex MC: da_ht_blocks_snr_s1_Gauss_Complete  (MC=200)
  HT-block SNR sweep  n=150  M=5  Q=5  p=25  s=5  rho=0.8  nu=3
  noise=s1_Gauss  linkage=Complete
==============================================================================

  SNR                          0.10      0.20      0.50      0.60         1         2         5
-----------------------------------------------------------------------------------------------

TREX-DA+BT: TLARS
  FDR                        0.0525    0.1169    0.1861    0.2060    0.1809    0.1473    0.1678
  sd_FDR                     0.2097    0.2551    0.2366    0.2283    0.1980    0.1921    0.1923
  TPR                        0.0220    0.1120    0.4340    0.5370    0.6890    0.7450    0.7520
  sd_TPR                     0.0745    0.1789    0.3002    0.2790    0.2437    0.2463    0.2449
  Avg L                      1.8100    2.4250    2.5600    2.3500    1.9700    1.6400    1.6300
  Avg T                     12.8350   17.2000   22.8600   27.7350   29.4650   25.0250   25.0050

TREX-DA+BT: TAFS
  FDR                        0.0292    0.0856    0.1197    0.1178    0.0802    0.0760    0.1219
  sd_FDR                     0.1615    0.2383    0.2151    0.1768    0.1275    0.1178    0.1389
  TPR                        0.0130    0.0790    0.4240    0.5600    0.7780    0.8070    0.7070
  sd_TPR                     0.0533    0.1615    0.3280    0.3028    0.2620    0.2087    0.1814
  Avg L                      1.6050    2.3800    2.5300    2.5550    2.0400    1.7650    1.6050
  Avg T                      5.9450    5.5300    6.0400    6.5450    7.4150    7.6500    7.3350

TREX-DA+BT: TOMP
  FDR                        0.0325    0.0803    0.0998    0.1032    0.0563    0.0284    0.0184
  sd_FDR                     0.1742    0.2417    0.1964    0.1707    0.1087    0.0791    0.0583
  TPR                        0.0180    0.0870    0.4330    0.5750    0.7660    0.8790    0.9650
  sd_TPR                     0.0640    0.1660    0.3275    0.3112    0.2843    0.2511    0.1227
  Avg L                      1.7650    2.5650    2.6800    2.4850    2.0150    1.8800    1.9300
  Avg T                      6.5050    6.2350    6.6700    7.0050    7.5200    7.8300    7.8350

