
==============================================================================
  DA-TRex MC: da_ht_blocks_rho_s2_Heavy_Complete  (MC=200)
  HT-block rho sweep  n=150  M=5  Q=5  s=5  SNR=2  nu=3  noise=s2_Heavy
  linkage=Complete
==============================================================================

  Rho                             0      0.10      0.20      0.30      0.40      0.50      0.60      0.70      0.80      0.90
-----------------------------------------------------------------------------------------------------------------------------

TREX-DA+BT: TLARS
  FDR                        0.0410    0.0350    0.0310    0.0425    0.0488    0.0562    0.0744    0.0984    0.1330    0.2742
  sd_FDR                     0.0907    0.0878    0.0771    0.0887    0.1028    0.1141    0.1233    0.1652    0.1783    0.2469
  TPR                        0.8550    0.8500    0.8360    0.8640    0.8410    0.8220    0.7970    0.8170    0.7500    0.6210
  sd_TPR                     0.2214    0.2212    0.2185    0.2248    0.2349    0.2310    0.2281    0.2194    0.2293    0.2686
  Avg L                      1.9250    1.9300    1.8950    1.8550    1.8350    1.7750    1.8200    1.7900    1.7000    1.4400
  Avg T                     30.8050   31.0300   27.3700   28.1850   25.3000   20.7650   27.1700   28.4800   27.1250   24.9900

TREX-DA+BT: TAFS
  FDR                        0.0368    0.0336    0.0260    0.0338    0.0495    0.0557    0.0717    0.0676    0.0896    0.1578
  sd_FDR                     0.0838    0.0829    0.0714    0.0736    0.0965    0.1061    0.1274    0.1215    0.1359    0.1701
  TPR                        0.8450    0.8460    0.8590    0.8810    0.8630    0.8320    0.8430    0.8180    0.8010    0.6660
  sd_TPR                     0.2376    0.2318    0.2043    0.2065    0.2099    0.2164    0.2063    0.2027    0.1939    0.2448
  Avg L                      1.8600    1.9000    1.8750    1.8850    1.8550    1.8200    1.8350    1.7400    1.8200    1.7450
  Avg T                      7.1850    7.2500    7.3750    7.3450    7.3050    7.0200    7.2950    7.4000    7.4200    7.7100

TREX-DA+BT: TOMP
  FDR                        0.0292    0.0325    0.0216    0.0249    0.0297    0.0411    0.0362    0.0241    0.0232    0.0633
  sd_FDR                     0.0752    0.0835    0.0633    0.0661    0.0728    0.0812    0.0767    0.0638    0.0715    0.1158
  TPR                        0.8840    0.8630    0.9060    0.9190    0.9120    0.9400    0.9430    0.9630    0.9410    0.7510
  sd_TPR                     0.1978    0.2238    0.1724    0.1817    0.1909    0.1579    0.1682    0.1153    0.1484    0.2964
  Avg L                      1.9250    1.9050    1.9250    1.9100    1.8900    1.8450    1.8950    1.9000    1.9150    1.9050
  Avg T                      7.5900    7.5100    7.5200    7.7100    7.5600    7.4800    7.7950    7.8000    7.8450    7.8650

