
==============================================================================
  DA-TRex MC: da_ht_blocks_M_s2_Heavy_Complete  (MC=200)
  HT-block M sweep  n=150  Q=5  rho=0.8  SNR=2  nu=3  p=M*Q and s=M vary
  noise=s2_Heavy  linkage=Complete
==============================================================================

  M                            1.00      3.00      5.00     10.00     15.00     20.00     30.00
-----------------------------------------------------------------------------------------------

TREX-DA+BT: TLARS
  FDR                        0.0575    0.1118    0.1543    0.1988    0.2132    0.2574    0.2385
  sd_FDR                     0.2195    0.1946    0.1939    0.1602    0.1663    0.2189    0.2706
  TPR                        0.2050    0.6417    0.7410    0.6175    0.4597    0.2417    0.0862
  sd_TPR                     0.4047    0.3838    0.2446    0.2113    0.1920    0.1667    0.0953
  Avg L                      1.7150    2.0850    1.7150    1.7150    2.1750    2.4250    2.5950
  Avg T                      7.8700   22.0800   25.8650   19.1400   13.4250    9.1750    6.7250

TREX-DA+BT: TAFS
  FDR                        0.0400    0.1659    0.0829    0.0988    0.1318    0.1974    0.1681
  sd_FDR                     0.1965    0.2605    0.1231    0.0989    0.1264    0.2243    0.2708
  TPR                        0.0000    0.3550    0.7890    0.7565    0.5013    0.2127    0.0508
  sd_TPR                     0.0000    0.2972    0.2066    0.2004    0.2453    0.1745    0.0653
  Avg L                      1.1150    1.8100    1.8050    1.6200    2.0300    2.5550    2.7950
  Avg T                      5.1950    7.7200    7.5050    6.5850    6.4500    5.5600    5.2950

TREX-DA+BT: TOMP
  FDR                        0.0000    0.0279    0.0313    0.0854    0.1389    0.1772    0.1650
  sd_FDR                     0.0000    0.1128    0.0766    0.1010    0.1428    0.2074    0.2959
  TPR                        0.2650    0.7833    0.9280    0.7665    0.4743    0.1883    0.0400
  sd_TPR                     0.4424    0.3950    0.1446    0.2060    0.2529    0.1533    0.0477
  Avg L                      1.7950    2.3050    1.9600    1.5100    2.1050    2.7150    3.0550
  Avg T                      5.7550    7.8300    7.8600    7.0750    6.5850    6.3600    6.5500

