
==============================================================================
  DA-TRex MC: da_ht_blocks_tFDR_s1_Gauss_Single  (MC=200)
  HT-block tFDR sweep  n=150  M=5  Q=5  p=25  s=5  rho=0.8  SNR=2  nu=3
  noise=s1_Gauss  linkage=Single
==============================================================================

  tFDR                         0.05      0.10      0.15      0.20      0.25      0.30      0.35      0.40      0.45      0.50
-----------------------------------------------------------------------------------------------------------------------------

TREX-DA+BT: TLARS
  FDR                        0.0680    0.0742    0.1113    0.1268    0.1306    0.1385    0.1792    0.1944    0.2263    0.2868
  sd_FDR                     0.1620    0.1612    0.1883    0.2015    0.1982    0.1997    0.2030    0.1941    0.1654    0.1251
  TPR                        0.5080    0.5490    0.5210    0.6910    0.6870    0.7490    0.8010    0.8440    0.9290    0.9840
  sd_TPR                     0.3402    0.3455    0.3414    0.2636    0.2517    0.2630    0.2753    0.2631    0.1869    0.0835
  Avg L                      4.4250    2.6350    1.8700    1.6650    1.2600    1.0950    1.0400    1.0200    1.0100    1.0000
  Avg T                     48.0850   46.8850   35.0150   29.4400   22.9100   20.0950   18.9000   19.2700   18.1300   19.2250

TREX-DA+BT: TAFS
  FDR                        0.0520    0.0484    0.0756    0.0755    0.0955    0.1123    0.1238    0.1732    0.1937    0.2308
  sd_FDR                     0.1191    0.1057    0.1376    0.1256    0.1440    0.1389    0.1280    0.1271    0.1120    0.1099
  TPR                        0.6070    0.6240    0.6290    0.7920    0.7610    0.8350    0.8960    0.9370    0.9770    0.9770
  sd_TPR                     0.3122    0.3110    0.2949    0.1973    0.1930    0.1864    0.1793    0.1481    0.0700    0.0728
  Avg L                      4.7300    2.7800    1.9400    1.7750    1.2750    1.0650    1.0200    1.0050    1.0000    1.0000
  Avg T                      7.9050    7.7450    7.7500    7.7600    7.6050    7.4950    7.3200    7.5900    7.6350    7.6500

TREX-DA+BT: TOMP
  FDR                        0.0424    0.0363    0.0502    0.0487    0.0453    0.0555    0.0720    0.0879    0.0838    0.1292
  sd_FDR                     0.0981    0.0899    0.1091    0.0971    0.1010    0.1123    0.1148    0.1171    0.1029    0.1297
  TPR                        0.8440    0.8650    0.8480    0.9440    0.9550    0.9530    0.9470    0.9560    0.9720    0.9580
  sd_TPR                     0.2948    0.2898    0.2982    0.1064    0.1050    0.1079    0.1194    0.1083    0.0724    0.0994
  Avg L                      5.1750    2.8800    1.9350    1.8850    1.4700    1.0300    1.0300    1.0250    1.0000    1.0050
  Avg T                      7.9350    7.9650    7.9500    7.7650    7.7200    7.6400    7.7150    7.7550    7.8150    7.8350

