
==============================================================================
  DA-TRex MC: da_ht_blocks_M_s1_Gauss_Single  (MC=200)
  HT-block M sweep  n=150  Q=5  rho=0.8  SNR=2  nu=3  p=M*Q and s=M vary
  noise=s1_Gauss  linkage=Single
==============================================================================

  M                            1.00      3.00      5.00     10.00     15.00     20.00     30.00
-----------------------------------------------------------------------------------------------

TREX-DA+BT: TLARS
  FDR                        0.0700    0.1196    0.1349    0.1407    0.2086    0.2246    0.1655
  sd_FDR                     0.2458    0.2466    0.2002    0.1533    0.1697    0.2311    0.2294
  TPR                        0.2000    0.4617    0.6500    0.5580    0.3693    0.1772    0.0702
  sd_TPR                     0.4010    0.4143    0.2820    0.2072    0.1759    0.1462    0.0802
  Avg L                      1.7000    1.9150    1.6250    1.7550    2.3650    2.4650    2.7850
  Avg T                      8.1600   23.5550   30.4800   25.7350   17.2300   11.4700    7.4950

TREX-DA+BT: TAFS
  FDR                        0.0450    0.1470    0.0793    0.0990    0.1439    0.1618    0.1298
  sd_FDR                     0.2078    0.2698    0.1349    0.1146    0.1275    0.2049    0.2271
  TPR                        0.0000    0.2417    0.7520    0.7315    0.4190    0.1492    0.0457
  sd_TPR                     0.0000    0.2893    0.2297    0.1896    0.1958    0.1269    0.0635
  Avg L                      1.0650    1.6100    1.8200    1.7200    2.3400    2.6050    2.7650
  Avg T                      5.0800    7.7150    7.7600    6.9000    6.3900    5.5250    5.2350

TREX-DA+BT: TOMP
  FDR                        0.0000    0.0029    0.0241    0.0930    0.1483    0.1690    0.1409
  sd_FDR                     0.0000    0.0294    0.0724    0.1237    0.1523    0.2404    0.2581
  TPR                        0.2600    0.7433    0.8920    0.7405    0.3910    0.1227    0.0347
  sd_TPR                     0.4397    0.4289    0.2130    0.2003    0.1984    0.1165    0.0491
  Avg L                      1.8000    2.2850    1.9000    1.6350    2.2500    2.5750    2.9000
  Avg T                      5.8000    7.9500    7.9400    7.2850    6.2300    6.0800    6.4300

