
==============================================================================
  DA-TRex MC: da_ht_blocks_M_s1_Gauss_Average  (MC=200)
  HT-block M sweep  n=150  Q=5  rho=0.8  SNR=2  nu=3  p=M*Q and s=M vary
  noise=s1_Gauss  linkage=Average
==============================================================================

  M                               1         3         5        10        15        20        30
-----------------------------------------------------------------------------------------------

TREX-DA+BT: TLARS
  FDR                        0.0675    0.1298    0.1696    0.1799    0.2366    0.2392    0.1891
  sd_FDR                     0.2334    0.2462    0.1956    0.1540    0.1838    0.2229    0.2410
  TPR                        0.2000    0.5900    0.6810    0.5990    0.3860    0.2102    0.0757
  sd_TPR                     0.4010    0.3992    0.2576    0.1934    0.1943    0.1513    0.0817
  Avg L                      1.6600    2.0600    1.6300    1.6700    2.2100    2.4350    2.9750
  Avg T                      8.0600   23.0550   25.4850   23.1900   13.1850   11.6300    9.1550

TREX-DA+BT: TAFS
  FDR                        0.0450    0.1666    0.0854    0.1071    0.1484    0.1750    0.1479
  sd_FDR                     0.2078    0.2771    0.1388    0.1139    0.1538    0.2267    0.2348
  TPR                        0.0000    0.3250    0.7840    0.7400    0.4197    0.1512    0.0482
  sd_TPR                     0.0000    0.3052    0.2048    0.1859    0.2007    0.1394    0.0597
  Avg L                      1.0600    1.7300    1.7650    1.7100    2.2200    2.5350    2.9150
  Avg T                      5.0500    7.6650    7.7850    6.8600    6.1550    5.3800    5.5800

TREX-DA+BT: TOMP
  FDR                        0.0000    0.0029    0.0288    0.1081    0.1500    0.1801    0.1481
  sd_FDR                     0.0000    0.0294    0.0767    0.1173    0.1531    0.2408    0.2693
  TPR                        0.2700    0.7933    0.9020    0.7420    0.4130    0.1320    0.0387
  sd_TPR                     0.4451    0.4004    0.1881    0.1906    0.1946    0.1157    0.0517
  Avg L                      1.7950    2.3250    1.9050    1.6000    2.2150    2.5100    2.8700
  Avg T                      5.7450    7.8850    7.9150    6.8500    6.2300    6.1850    6.6650

