
==============================================================================
  DA-TRex MC: da_ht_blocks_M_s2_Heavy_Single  (MC=200)
  HT-block M sweep  n=150  Q=5  rho=0.8  SNR=2  nu=3  p=M*Q and s=M vary
  noise=s2_Heavy  linkage=Single
==============================================================================

  M                            1.00      3.00      5.00     10.00     15.00     20.00     30.00
-----------------------------------------------------------------------------------------------

TREX-DA+BT: TLARS
  FDR                        0.0575    0.0896    0.1184    0.1363    0.1778    0.2096    0.2079
  sd_FDR                     0.2252    0.2055    0.1913    0.1629    0.1799    0.2100    0.2679
  TPR                        0.1800    0.5367    0.6970    0.5830    0.4123    0.2135    0.0758
  sd_TPR                     0.3852    0.4076    0.2575    0.2155    0.1843    0.1578    0.0890
  Avg L                      1.6650    2.0600    1.7750    1.8200    2.2850    2.4800    2.8100
  Avg T                      7.8200   24.7150   31.8900   30.4050   18.2800    8.9950    8.6450

TREX-DA+BT: TAFS
  FDR                        0.0400    0.1321    0.0762    0.0998    0.1310    0.1955    0.1645
  sd_FDR                     0.1965    0.2562    0.1435    0.1187    0.1317    0.2326    0.2658
  TPR                        0.0000    0.2633    0.7560    0.7435    0.4817    0.2155    0.0515
  sd_TPR                     0.0000    0.2867    0.2287    0.2116    0.2549    0.1773    0.0625
  Avg L                      1.0850    1.6600    1.8400    1.6150    2.2050    2.5650    2.8200
  Avg T                      5.1350    7.8900    7.7300    7.0950    6.4000    5.9550    5.4700

TREX-DA+BT: TOMP
  FDR                        0.0025    0.0150    0.0225    0.0839    0.1336    0.1742    0.1675
  sd_FDR                     0.0354    0.0783    0.0673    0.1136    0.1384    0.2114    0.3002
  TPR                        0.2650    0.7400    0.9240    0.7585    0.4557    0.1722    0.0385
  sd_TPR                     0.4424    0.4229    0.1481    0.2120    0.2525    0.1535    0.0466
  Avg L                      1.7900    2.3050    1.9300    1.5100    2.1600    2.5800    3.0450
  Avg T                      5.7700    7.8950    7.7850    7.1400    6.8100    6.3300    6.9100

