
==============================================================================
  DA-TRex MC: da_ht_blocks_Q_s2_Heavy_Single  (MC=200)
  HT-block Q sweep  n=150  M=5  s=5  rho=0.8  SNR=2  nu=3  p=M*Q varies
  noise=s2_Heavy  linkage=Single
==============================================================================

  Q                               5        10        15        20        25        30        35        40        45        50
-----------------------------------------------------------------------------------------------------------------------------

TREX-DA+BT: TLARS
  FDR                        0.1554    0.1505    0.1381    0.1336    0.1092    0.1241    0.1619    0.1322    0.1409    0.1734
  sd_FDR                     0.2376    0.2258    0.2239    0.1925    0.1653    0.1724    0.2102    0.1859    0.1929    0.2259
  TPR                        0.6640    0.6490    0.6240    0.6470    0.6030    0.6670    0.5880    0.6380    0.6520    0.6070
  sd_TPR                     0.2820    0.2760    0.3077    0.3189    0.3198    0.3191    0.3155    0.3198    0.3290    0.3017
  Avg L                      1.6500    1.7950    1.7050    1.8150    1.7300    1.8500    1.8650    1.8500    1.8200    1.8600
  Avg T                     30.1400   40.1800   42.0350   40.9200   37.4000   40.5100   34.5550   32.8600   31.7450   31.3900

TREX-DA+BT: TAFS
  FDR                        0.0700    0.0624    0.0745    0.0703    0.0700    0.0736    0.0748    0.0788    0.0762    0.0806
  sd_FDR                     0.1191    0.1140    0.1323    0.1210    0.1317    0.1181    0.1298    0.1450    0.1350    0.1462
  TPR                        0.7650    0.7240    0.6600    0.7330    0.6420    0.7270    0.6740    0.6860    0.6690    0.6570
  sd_TPR                     0.2117    0.2825    0.3245    0.3178    0.3668    0.3277    0.3428    0.3464    0.3657    0.3463
  Avg L                      1.8400    1.8350    1.7750    1.8100    1.7450    1.8150    1.8850    1.8650    1.7600    1.8400
  Avg T                      7.6200    7.3500    7.6250    7.7600    7.7750    7.6250    7.6500    7.3450    7.6150    7.6650

TREX-DA+BT: TOMP
  FDR                        0.0300    0.0298    0.0400    0.0310    0.0416    0.0410    0.0519    0.0513    0.0344    0.0503
  sd_FDR                     0.0793    0.0769    0.0892    0.0813    0.0962    0.1022    0.1136    0.1113    0.0824    0.1133
  TPR                        0.9090    0.8610    0.8430    0.8640    0.7650    0.8640    0.8130    0.8140    0.7880    0.7740
  sd_TPR                     0.1952    0.2729    0.2629    0.2605    0.3550    0.2681    0.2934    0.3186    0.3511    0.3296
  Avg L                      1.9150    1.8400    1.8750    1.8900    1.8050    1.8300    1.8950    1.8550    1.8250    1.8550
  Avg T                      7.8550    7.8500    7.8900    7.8550    7.8500    7.9550    7.8700    7.7350    7.8650    7.9500

