
==============================================================================
  DA-TRex MC: da_ht_blocks_rho_s1_Gauss_Complete  (MC=200)
  HT-block rho sweep  n=150  M=5  Q=5  s=5  SNR=2  nu=3  noise=s1_Gauss
  linkage=Complete
==============================================================================

  Rho                          0.00      0.10      0.20      0.30      0.40      0.50      0.60      0.70      0.80      0.90
-----------------------------------------------------------------------------------------------------------------------------

TREX-DA+BT: TLARS
  FDR                        0.0406    0.0343    0.0426    0.0354    0.0499    0.0522    0.0744    0.1070    0.1648    0.2760
  sd_FDR                     0.0894    0.0792    0.1001    0.0818    0.0991    0.1109    0.1240    0.1846    0.2010    0.2202
  TPR                        0.8510    0.8450    0.8250    0.8590    0.8450    0.8430    0.8390    0.7710    0.7340    0.6270
  sd_TPR                     0.2224    0.2173    0.2504    0.2062    0.2237    0.2285    0.2100    0.2483    0.2432    0.2477
  Avg L                      1.9050    1.9250    1.8450    1.8800    1.8450    1.8050    1.8150    1.7750    1.6500    1.4350
  Avg T                     29.2900   29.4600   27.8300   26.8650   26.2850   25.3300   23.8000   25.3950   23.5000   26.1250

TREX-DA+BT: TAFS
  FDR                        0.0332    0.0313    0.0310    0.0383    0.0460    0.0419    0.0511    0.0547    0.0859    0.1652
  sd_FDR                     0.0777    0.0758    0.0754    0.0836    0.0909    0.0965    0.0950    0.1027    0.1272    0.1737
  TPR                        0.8680    0.8420    0.8530    0.8730    0.8630    0.8680    0.8610    0.8320    0.7910    0.6660
  sd_TPR                     0.2210    0.2274    0.2281    0.2046    0.2011    0.1875    0.2066    0.2145    0.2038    0.2489
  Avg L                      1.8600    1.8850    1.8750    1.9000    1.8400    1.7950    1.7950    1.8400    1.7350    1.8050
  Avg T                      7.3000    7.2600    7.3300    7.3750    7.3600    7.2400    7.2200    7.3850    7.5400    7.6400

TREX-DA+BT: TOMP
  FDR                        0.0247    0.0233    0.0286    0.0211    0.0262    0.0214    0.0262    0.0262    0.0293    0.0886
  sd_FDR                     0.0654    0.0662    0.0725    0.0594    0.0643    0.0589    0.0649    0.0711    0.0728    0.1589
  TPR                        0.8870    0.8770    0.8920    0.9170    0.9340    0.9450    0.9550    0.9550    0.9230    0.7440
  sd_TPR                     0.2127    0.2032    0.1847    0.1819    0.1605    0.1431    0.1352    0.1291    0.1709    0.2808
  Avg L                      1.9050    1.9000    1.8750    1.9000    1.9000    1.8200    1.9250    1.9250    1.8850    1.9250
  Avg T                      7.5600    7.6450    7.6200    7.5650    7.4800    7.5250    7.7600    7.7300    7.8750    7.9600

