
==============================================================================
  DA-TRex MC: da_ht_blocks_snr_s1_Gauss_Average  (MC=200)
  HT-block SNR sweep  n=150  M=5  Q=5  p=25  s=5  rho=0.8  nu=3
  noise=s1_Gauss  linkage=Average
==============================================================================

  SNR                          0.10      0.20      0.50      0.60         1         2         5
-----------------------------------------------------------------------------------------------

TREX-DA+BT: TLARS
  FDR                        0.0696    0.1228    0.1910    0.1947    0.1704    0.1411    0.1591
  sd_FDR                     0.2440    0.2627    0.2322    0.2312    0.2093    0.1897    0.2061
  TPR                        0.0220    0.1070    0.4170    0.5310    0.6730    0.7340    0.7550
  sd_TPR                     0.0822    0.1723    0.3039    0.2709    0.2728    0.2489    0.2563
  Avg L                      1.8100    2.5100    2.4700    2.4250    1.9000    1.5900    1.7050
  Avg T                     12.5550   16.7600   24.5850   26.8600   28.3100   26.4200   27.8950

TREX-DA+BT: TAFS
  FDR                        0.0292    0.0677    0.1090    0.1117    0.0814    0.0721    0.1107
  sd_FDR                     0.1535    0.1984    0.1969    0.1709    0.1292    0.1190    0.1425
  TPR                        0.0160    0.0890    0.4150    0.5570    0.7720    0.8090    0.6990
  sd_TPR                     0.0676    0.1721    0.3288    0.3079    0.2698    0.1841    0.1677
  Avg L                      1.6100    2.3700    2.4550    2.5200    1.9700    1.7900    1.6100
  Avg T                      6.0100    5.7500    6.2550    6.7450    7.5550    7.6250    7.3600

TREX-DA+BT: TOMP
  FDR                        0.0592    0.0829    0.0990    0.0981    0.0573    0.0246    0.0134
  sd_FDR                     0.2203    0.2446    0.1832    0.1648    0.1131    0.0726    0.0494
  TPR                        0.0180    0.0820    0.4320    0.5580    0.7780    0.8810    0.9650
  sd_TPR                     0.0608    0.1503    0.3236    0.3142    0.2718    0.2505    0.1210
  Avg L                      1.8150    2.5650    2.7200    2.4650    2.1350    1.8750    1.9150
  Avg T                      6.5700    6.4350    6.7250    6.8100    7.6200    7.8650    7.8700

