
==============================================================================
  DA-TRex MC: da_ht_blocks_Q_s2_Heavy_Complete  (MC=200)
  HT-block Q sweep  n=150  M=5  s=5  rho=0.8  SNR=2  nu=3  p=M*Q varies
  noise=s2_Heavy  linkage=Complete
==============================================================================

  Q                            5.00     10.00     15.00     20.00     25.00     30.00     35.00     40.00     45.00     50.00
-----------------------------------------------------------------------------------------------------------------------------

TREX-DA+BT: TLARS
  FDR                        0.1608    0.1752    0.1533    0.1486    0.1402    0.1653    0.1746    0.1900    0.1653    0.1998
  sd_FDR                     0.1987    0.1877    0.1880    0.1808    0.1658    0.1759    0.1755    0.2068    0.1822    0.2035
  TPR                        0.7330    0.7440    0.7370    0.7520    0.7330    0.7900    0.7550    0.7470    0.7580    0.7300
  sd_TPR                     0.2490    0.2252    0.2580    0.2624    0.2722    0.2284    0.2401    0.2708    0.2642    0.2574
  Avg L                      1.6300    1.8200    1.8000    1.8800    1.7900    1.9050    1.9600    1.9450    1.8650    1.8650
  Avg T                     26.6850   30.4650   29.1000   27.4350   29.9450   28.3050   26.4650   29.8900   23.9500   24.3050

TREX-DA+BT: TAFS
  FDR                        0.0877    0.0865    0.0935    0.0889    0.0742    0.0792    0.1037    0.0907    0.0920    0.0882
  sd_FDR                     0.1234    0.1245    0.1467    0.1261    0.1194    0.1125    0.1399    0.1418    0.1398    0.1262
  TPR                        0.7880    0.8080    0.7790    0.8140    0.7790    0.8320    0.7820    0.7820    0.7700    0.7820
  sd_TPR                     0.2147    0.2240    0.2515    0.2633    0.2963    0.2342    0.3022    0.2975    0.3275    0.2934
  Avg L                      1.8700    1.8500    1.8750    1.9200    1.7650    1.9250    1.9800    1.8750    1.8300    1.8700
  Avg T                      7.5150    7.2500    7.5550    7.4450    7.6550    7.5950    7.5600    7.1850    7.3700    7.3500

TREX-DA+BT: TOMP
  FDR                        0.0387    0.0392    0.0479    0.0378    0.0455    0.0392    0.0583    0.0513    0.0374    0.0510
  sd_FDR                     0.0853    0.0847    0.0910    0.0836    0.0999    0.0933    0.1194    0.1058    0.0863    0.1048
  TPR                        0.9150    0.9000    0.8850    0.8950    0.8640    0.9160    0.8940    0.8940    0.8790    0.8820
  sd_TPR                     0.1820    0.2268    0.2351    0.2312    0.2711    0.2038    0.2004    0.2250    0.2644    0.2225
  Avg L                      1.9100    1.9050    1.9300    1.9200    1.8550    1.8950    1.9750    1.9350    1.8600    1.9600
  Avg T                      7.7900    7.7150    7.7250    7.8100    7.8900    7.9000    7.7200    7.7400    7.8250    7.8050

