
==============================================================================
  DA-TRex MC: da_ht_blocks_Q_s1_Gauss_Complete  (MC=200)
  HT-block Q sweep  n=150  M=5  s=5  rho=0.8  SNR=2  nu=3  p=M*Q varies
  noise=s1_Gauss  linkage=Complete
==============================================================================

  Q                               5        10        15        20        25        30        35        40        45        50
-----------------------------------------------------------------------------------------------------------------------------

TREX-DA+BT: TLARS
  FDR                        0.1629    0.1643    0.1640    0.1697    0.1824    0.1751    0.1699    0.1893    0.1591    0.1891
  sd_FDR                     0.2062    0.1890    0.2115    0.1795    0.2007    0.1760    0.1838    0.1911    0.1986    0.1836
  TPR                        0.7130    0.7790    0.7290    0.7530    0.7270    0.7610    0.7740    0.7680    0.7260    0.7680
  sd_TPR                     0.2386    0.2342    0.2659    0.2422    0.2743    0.2412    0.2507    0.2492    0.2928    0.2359
  Avg L                      1.6150    1.8200    1.7250    1.8100    1.8700    1.8500    1.9050    1.9350    1.8800    1.9700
  Avg T                     25.5750   33.7300   35.0800   29.4500   26.4250   26.0100   24.1650   25.3600   21.6800   24.6000

TREX-DA+BT: TAFS
  FDR                        0.0877    0.0870    0.0717    0.0867    0.0710    0.0779    0.0718    0.0806    0.0745    0.0898
  sd_FDR                     0.1278    0.1297    0.1140    0.1210    0.1315    0.1152    0.1200    0.1183    0.1165    0.1190
  TPR                        0.8060    0.8290    0.7830    0.7910    0.8030    0.8260    0.8190    0.8250    0.7960    0.8320
  sd_TPR                     0.2186    0.1820    0.3019    0.2852    0.2964    0.2655    0.2717    0.2652    0.3007    0.2376
  Avg L                      1.8000    1.8450    1.8250    1.8850    1.9000    1.9100    1.9550    1.8900    1.8750    2.0550
  Avg T                      7.7950    7.7100    7.5150    7.5500    7.2700    7.4550    7.4550    7.5500    7.4400    7.4650

TREX-DA+BT: TOMP
  FDR                        0.0355    0.0355    0.0312    0.0375    0.0464    0.0402    0.0344    0.0433    0.0350    0.0484
  sd_FDR                     0.0812    0.0903    0.0838    0.0814    0.1013    0.0901    0.0856    0.0914    0.0895    0.0978
  TPR                        0.8910    0.9010    0.8710    0.9080    0.8940    0.8900    0.9000    0.9100    0.8940    0.8900
  sd_TPR                     0.2319    0.2074    0.2519    0.1932    0.2214    0.2275    0.2196    0.1921    0.2168    0.2072
  Avg L                      1.9050    1.8950    1.8700    1.8950    1.8700    1.9200    1.9000    1.9550    1.9450    1.9550
  Avg T                      7.8300    7.7800    7.9700    7.8400    7.7550    7.8950    7.7900    7.7950    7.8100    7.8300

