
==============================================================================
  DA-TRex MC: da_ht_blocks_snr_s2_Heavy_Average  (MC=200)
  HT-block SNR sweep  n=150  M=5  Q=5  p=25  s=5  rho=0.8  nu=3
  noise=s2_Heavy  linkage=Average
==============================================================================

  SNR                          0.10      0.20      0.50      0.60         1         2         5
-----------------------------------------------------------------------------------------------

TREX-DA+BT: TLARS
  FDR                        0.0732    0.1326    0.1862    0.1817    0.1584    0.1582    0.1639
  sd_FDR                     0.2425    0.2722    0.2574    0.2371    0.2042    0.1880    0.2031
  TPR                        0.0340    0.1530    0.4810    0.5440    0.6860    0.7070    0.6990
  sd_TPR                     0.1136    0.2250    0.3183    0.3029    0.2767    0.2463    0.2480
  Avg L                      1.9350    2.5400    2.4200    2.1500    1.8250    1.6400    1.5850
  Avg T                     14.7200   16.0300   26.4100   24.3200   28.0750   27.3500   25.5250

TREX-DA+BT: TAFS
  FDR                        0.0367    0.1077    0.1215    0.0898    0.0968    0.0975    0.1433
  sd_FDR                     0.1785    0.2493    0.1945    0.1637    0.1438    0.1370    0.1792
  TPR                        0.0280    0.1270    0.5050    0.6020    0.7460    0.7560    0.6660
  sd_TPR                     0.0898    0.2056    0.3420    0.3270    0.3019    0.2225    0.2016
  Avg L                      1.7900    2.3650    2.3300    2.2900    1.9350    1.7400    1.4750
  Avg T                      6.0700    5.9050    6.6700    6.8400    7.2200    7.3400    7.4950

TREX-DA+BT: TOMP
  FDR                        0.0767    0.1058    0.1011    0.0987    0.0476    0.0449    0.0189
  sd_FDR                     0.2505    0.2565    0.1616    0.1726    0.1079    0.0876    0.0606
  TPR                        0.0360    0.1210    0.5010    0.6300    0.7870    0.8750    0.9710
  sd_TPR                     0.0957    0.1847    0.3349    0.3371    0.2961    0.2467    0.1030
  Avg L                      2.0450    2.5500    2.4650    2.3800    2.0400    1.8500    1.9000
  Avg T                      6.8150    6.5050    6.7750    7.1650    7.7750    7.6400    7.8050

