
==============================================================================
  DA-TRex MC: da_ht_blocks_rho_s1_Gauss_Average  (MC=200)
  HT-block rho sweep  n=150  M=5  Q=5  s=5  SNR=2  nu=3  noise=s1_Gauss
  linkage=Average
==============================================================================

Solver             Metric    Rho         0      0.10      0.20      0.30      0.40      0.50      0.60      0.70      0.80      0.90
------------------------------------------------------------------------------------------------------------------------------------
TREX-DA+BT: TLARS  FDR              0.0324    0.0310    0.0429    0.0356    0.0377    0.0522    0.0699    0.1106    0.1655    0.2730
                   sd_FDR           0.0829    0.0742    0.0961    0.0904    0.0890    0.1142    0.1227    0.1749    0.2086    0.2468
                   TPR              0.8080    0.8250    0.8060    0.8300    0.8620    0.8560    0.8400    0.7670    0.7140    0.6050
                   sd_TPR           0.2479    0.2034    0.2414    0.2396    0.2058    0.2046    0.2159    0.2462    0.2508    0.2730
                   Avg L            1.9000    1.9300    1.8550    1.8750    1.8700    1.7900    1.8650    1.7800    1.6650    1.4600
                   Avg T           30.5950   31.4750   28.4950   27.2600   28.1700   26.9950   26.0050   26.8000   23.5400   26.1800

TREX-DA+BT: TAFS   FDR              0.0325    0.0233    0.0348    0.0318    0.0411    0.0401    0.0523    0.0520    0.0782    0.1476
                   sd_FDR           0.0827    0.0666    0.0888    0.0834    0.0901    0.0967    0.1004    0.1002    0.1242    0.1805
                   TPR              0.8180    0.8250    0.8190    0.8530    0.8400    0.8830    0.8640    0.8360    0.7840    0.6620
                   sd_TPR           0.2553    0.2093    0.2436    0.2107    0.2355    0.1785    0.2052    0.2176    0.2125    0.2563
                   Avg L            1.8900    1.8950    1.8450    1.9250    1.8100    1.7800    1.8100    1.8200    1.7200    1.8350
                   Avg T            7.3400    7.1850    7.4100    7.3450    7.1750    7.2650    7.2350    7.2850    7.5400    7.6700

TREX-DA+BT: TOMP   FDR              0.0243    0.0168    0.0208    0.0188    0.0207    0.0207    0.0234    0.0239    0.0314    0.0861
                   sd_FDR           0.0710    0.0542    0.0674    0.0854    0.0577    0.0595    0.0615    0.0665    0.0754    0.1578
                   TPR              0.8490    0.8700    0.8850    0.9030    0.9370    0.9430    0.9630    0.9600    0.9090    0.7400
                   sd_TPR           0.2393    0.1867    0.1917    0.1964    0.1495    0.1423    0.1153    0.1003    0.2023    0.2919
                   Avg L            1.9400    1.9350    1.9000    1.8850    1.8750    1.8250    1.9100    1.9350    1.9000    1.9200
                   Avg T            7.5700    7.6700    7.4450    7.7650    7.6000    7.6150    7.5700    7.8050    7.8700    7.9300

==============================================================================

