
==============================================================================
  DA-TRex MC: da_ht_blocks_snr_s1_Gauss_Single  (MC=200)
  HT-block SNR sweep  n=150  M=5  Q=5  p=25  s=5  rho=0.8  nu=3
  noise=s1_Gauss  linkage=Single
==============================================================================

Solver             Metric    SNR      0.10      0.20      0.50      0.60         1         2         5
------------------------------------------------------------------------------------------------------
TREX-DA+BT: TLARS  FDR              0.0471    0.1225    0.1634    0.1858    0.1423    0.1113    0.1251
                   sd_FDR           0.1985    0.2809    0.2489    0.2553    0.2093    0.1932    0.2084
                   TPR              0.0180    0.0870    0.3670    0.4550    0.6080    0.6880    0.7130
                   sd_TPR           0.0671    0.1648    0.2813    0.2933    0.2820    0.2657    0.2746
                   Avg L            1.7750    2.2850    2.3800    2.2450    1.9250    1.6450    1.6550
                   Avg T           13.8200   20.1350   30.4450   28.2750   33.7750   30.5500   30.6450

TREX-DA+BT: TAFS   FDR              0.0183    0.0639    0.0963    0.1059    0.0690    0.0536    0.0986
                   sd_FDR           0.1155    0.1985    0.1822    0.1722    0.1241    0.1178    0.1488
                   TPR              0.0170    0.0670    0.3940    0.5280    0.7500    0.7860    0.6670
                   sd_TPR           0.0658    0.1422    0.3282    0.3246    0.2681    0.2079    0.2057
                   Avg L            1.6350    2.2300    2.4750    2.4800    2.0500    1.7700    1.6000
                   Avg T            5.9950    5.9200    6.6900    6.7250    7.5600    7.6650    7.6150

TREX-DA+BT: TOMP   FDR              0.0375    0.0853    0.0911    0.0973    0.0502    0.0239    0.0126
                   sd_FDR           0.1803    0.2428    0.1898    0.1585    0.1081    0.0738    0.0482
                   TPR              0.0180    0.0760    0.4170    0.5530    0.7690    0.8870    0.9550
                   sd_TPR           0.0640    0.1521    0.3354    0.3276    0.2906    0.2360    0.1366
                   Avg L            1.7800    2.4100    2.6850    2.4050    2.0650    1.8700    1.8900
                   Avg T            6.4600    6.5900    6.9900    6.8250    7.6250    7.8650    7.8400

==============================================================================

