
==============================================================================
  DA-TRex MC: da_ht_blocks_M_s1_Gauss_Complete  (MC=200)
  HT-block M sweep  n=150  Q=5  rho=0.8  SNR=2  nu=3  p=M*Q and s=M vary
  noise=s1_Gauss  linkage=Complete
==============================================================================

Solver             Metric      M         1         3         5        10        15        20        30
------------------------------------------------------------------------------------------------------
TREX-DA+BT: TLARS  FDR              0.0800    0.1333    0.1365    0.1906    0.2388    0.2343    0.2126
                   sd_FDR           0.2528    0.2491    0.1627    0.1543    0.1672    0.2187    0.2607
                   TPR              0.2050    0.5950    0.7260    0.6190    0.4003    0.2023    0.0763
                   sd_TPR           0.4047    0.3980    0.2253    0.1924    0.1947    0.1471    0.0796
                   Avg L            1.6900    2.0950    1.6000    1.6350    2.1350    2.4000    2.7600
                   Avg T            8.2000   23.3900   23.7100   19.1750   12.6400   10.3000    6.9000

TREX-DA+BT: TAFS   FDR              0.0250    0.1691    0.0827    0.1118    0.1593    0.1775    0.1605
                   sd_FDR           0.1565    0.2633    0.1341    0.1182    0.1504    0.2220    0.2525
                   TPR              0.0000    0.3483    0.7910    0.7365    0.4383    0.1575    0.0487
                   sd_TPR           0.0000    0.2994    0.2226    0.1879    0.2054    0.1312    0.0637
                   Avg L            1.0250    1.7450    1.7300    1.6350    2.2250    2.6300    2.7450
                   Avg T            5.0400    7.5050    7.5850    6.4250    6.1100    6.0200    5.3950

TREX-DA+BT: TOMP   FDR              0.0000    0.0042    0.0284    0.1028    0.1422    0.1685    0.1506
                   sd_FDR           0.0000    0.0342    0.0760    0.1176    0.1463    0.2511    0.2663
                   TPR              0.2650    0.8017    0.9100    0.7445    0.4110    0.1277    0.0370
                   sd_TPR           0.4424    0.3927    0.1745    0.1912    0.1962    0.1193    0.0525
                   Avg L            1.8000    2.3250    1.8850    1.5800    2.2200    2.7050    3.0100
                   Avg T            5.7750    7.9400    7.8800    6.6900    6.3050    6.2200    6.5900

==============================================================================

