
==============================================================================
  DA-TRex MC: da_ht_blocks_Q_s1_Gauss_Single  (MC=200)
  HT-block Q sweep  n=150  M=5  s=5  rho=0.8  SNR=2  nu=3  p=M*Q varies
  noise=s1_Gauss  linkage=Single
==============================================================================

  Q                               5        10        15        20        25        30        35        40        45        50
-----------------------------------------------------------------------------------------------------------------------------

TREX-DA+BT: TLARS
  FDR                        0.1189    0.1252    0.1259    0.1301    0.1459    0.1575    0.1404    0.1316    0.1332    0.1570
  sd_FDR                     0.2099    0.2038    0.2060    0.1999    0.2126    0.2110    0.2046    0.1850    0.2026    0.2006
  TPR                        0.6630    0.6990    0.6490    0.6240    0.6180    0.6230    0.6300    0.6670    0.5950    0.6400
  sd_TPR                     0.2588    0.2720    0.2853    0.3097    0.3068    0.2934    0.3162    0.2866    0.3334    0.2843
  Avg L                      1.6050    1.6700    1.7300    1.7250    1.8300    1.7800    1.7850    1.9400    1.8100    1.9500
  Avg T                     28.7000   36.6200   44.2650   37.7600   37.6900   32.6350   32.6150   34.3100   34.3900   32.8650

TREX-DA+BT: TAFS
  FDR                        0.0683    0.0587    0.0626    0.0655    0.0581    0.0514    0.0644    0.0692    0.0598    0.0719
  sd_FDR                     0.1189    0.1168    0.1151    0.1192    0.1145    0.1184    0.1262    0.1208    0.1134    0.1226
  TPR                        0.7900    0.7300    0.6860    0.6900    0.6870    0.7200    0.7110    0.7290    0.6820    0.7290
  sd_TPR                     0.1962    0.2972    0.3376    0.3431    0.3470    0.3473    0.3424    0.3251    0.3520    0.3189
  Avg L                      1.7800    1.7600    1.7550    1.7900    1.8000    1.8300    1.7800    1.8000    1.8050    1.9150
  Avg T                      7.8450    7.7100    7.8350    7.7150    7.5950    7.5800    7.6250    7.6150    7.5450    7.5300

TREX-DA+BT: TOMP
  FDR                        0.0316    0.0265    0.0328    0.0342    0.0376    0.0343    0.0293    0.0366    0.0265    0.0423
  sd_FDR                     0.0826    0.0838    0.0828    0.0777    0.0898    0.0849    0.0805    0.0853    0.0804    0.0935
  TPR                        0.9020    0.8440    0.8380    0.8540    0.7750    0.8300    0.7990    0.8460    0.7910    0.8080
  sd_TPR                     0.1995    0.2900    0.2752    0.2769    0.3449    0.2979    0.3411    0.2754    0.3422    0.3073
  Avg L                      1.9400    1.8100    1.7850    1.8500    1.7850    1.8300    1.8350    1.8800    1.8550    1.8650
  Avg T                      7.9150    7.8850    7.9350    7.8400    7.8550    7.8500    7.8450    7.8200    7.9150    7.8850

