
==============================================================================
  DA-TRex MC: da_ht_blocks_snr_s2_Heavy_Single  (MC=200)
  HT-block SNR sweep  n=150  M=5  Q=5  p=25  s=5  rho=0.8  nu=3
  noise=s2_Heavy  linkage=Single
==============================================================================

  SNR                          0.10      0.20      0.50      0.60      1.00      2.00      5.00
-----------------------------------------------------------------------------------------------

TREX-DA+BT: TLARS
  FDR                        0.0617    0.1148    0.1584    0.1587    0.1273    0.1350    0.1388
  sd_FDR                     0.2287    0.2560    0.2262    0.2350    0.1985    0.2173    0.2329
  TPR                        0.0280    0.1420    0.4480    0.5150    0.6530    0.6580    0.6770
  sd_TPR                     0.0962    0.2146    0.3172    0.2963    0.2957    0.2709    0.2642
  Avg L                      1.9300    2.6200    2.4350    2.0850    1.8450    1.6400    1.5900
  Avg T                     15.5000   19.4650   29.4650   28.4450   30.3750   31.2600   30.8950

TREX-DA+BT: TAFS
  FDR                        0.0292    0.0945    0.1152    0.0757    0.0720    0.0832    0.1291
  sd_FDR                     0.1615    0.2394    0.1934    0.1501    0.1310    0.1441    0.1859
  TPR                        0.0200    0.1170    0.4780    0.5800    0.7350    0.7320    0.6310
  sd_TPR                     0.0750    0.2038    0.3443    0.3438    0.2960    0.2418    0.2065
  Avg L                      1.8350    2.3500    2.3800    2.1750    1.9750    1.7600    1.5550
  Avg T                      5.8750    5.9450    6.6300    7.1000    7.3900    7.6050    7.4950

TREX-DA+BT: TOMP
  FDR                        0.0875    0.0962    0.0973    0.0906    0.0432    0.0412    0.0168
  sd_FDR                     0.2704    0.2436    0.1736    0.1663    0.1020    0.0848    0.0568
  TPR                        0.0270    0.1180    0.4990    0.6160    0.7950    0.8720    0.9600
  sd_TPR                     0.0889    0.1829    0.3450    0.3446    0.2902    0.2423    0.1446
  Avg L                      1.9950    2.4850    2.5300    2.3200    2.1100    1.8700    1.8950
  Avg T                      6.8800    6.6850    6.9750    7.3100    7.7550    7.7000    7.8350

