
==============================================================================
  DA-TRex MC: da_ht_blocks_tFDR_s2_Heavy_Average  (MC=200)
  HT-block tFDR sweep  n=150  M=5  Q=5  p=25  s=5  rho=0.8  SNR=2  nu=3
  noise=s2_Heavy  linkage=Average
==============================================================================

  tFDR                         0.05      0.10      0.15      0.20      0.25      0.30      0.35      0.40      0.45      0.50
-----------------------------------------------------------------------------------------------------------------------------

TREX-DA+BT: TLARS
  FDR                        0.0982    0.1089    0.1228    0.1445    0.1417    0.1945    0.2081    0.2272    0.2472    0.3169
  sd_FDR                     0.1765    0.1725    0.1857    0.2040    0.1736    0.2036    0.1764    0.1631    0.1485    0.1328
  TPR                        0.6060    0.5940    0.6570    0.7320    0.7730    0.7730    0.8170    0.9420    0.9630    0.9800
  sd_TPR                     0.3214    0.3080    0.3017    0.2563    0.2318    0.2589    0.2396    0.1800    0.1331    0.1022
  Avg L                      4.8600    2.6600    1.9850    1.6250    1.3000    1.0650    1.0200    1.0150    1.0100    1.0000
  Avg T                     45.0150   42.1100   31.2500   26.4950   20.9550   16.7550   16.7250   17.7450   17.5950   18.4200

TREX-DA+BT: TAFS
  FDR                        0.0578    0.0643    0.0919    0.0984    0.1256    0.1503    0.1843    0.2002    0.2171    0.2528
  sd_FDR                     0.1216    0.1235    0.1456    0.1397    0.1396    0.1441    0.1459    0.1200    0.1144    0.1097
  TPR                        0.6530    0.6340    0.6780    0.7870    0.8050    0.8260    0.8720    0.9580    0.9720    0.9730
  sd_TPR                     0.2895    0.2892    0.2798    0.1913    0.1875    0.2096    0.1860    0.1145    0.0983    0.1036
  Avg L                      5.0900    2.6950    1.9750    1.7650    1.2600    1.0900    1.0350    1.0100    1.0000    1.0050
  Avg T                      7.6700    7.6750    7.5700    7.6800    7.2200    7.2650    7.3550    7.5950    7.5450    7.6750

TREX-DA+BT: TOMP
  FDR                        0.0388    0.0330    0.0430    0.0436    0.0441    0.0860    0.1061    0.1088    0.1088    0.1300
  sd_FDR                     0.1139    0.0848    0.0949    0.0938    0.0860    0.1114    0.1224    0.1115    0.1219    0.1185
  TPR                        0.8470    0.8680    0.8830    0.9500    0.9670    0.9440    0.9460    0.9700    0.9740    0.9680
  sd_TPR                     0.3054    0.2810    0.2647    0.1199    0.0845    0.1189    0.1198    0.0770    0.0834    0.1031
  Avg L                      5.2550    2.8750    2.0300    1.9000    1.4250    1.0500    1.0250    1.0050    1.0000    1.0050
  Avg T                      7.8050    7.9050    7.7250    7.7450    7.6750    7.7000    7.6600    7.7800    7.7200    7.8700

