
==============================================================================
  DA-TRex MC: da_ht_blocks_rho_s2_Heavy_Average  (MC=200)
  HT-block rho sweep  n=150  M=5  Q=5  s=5  SNR=2  nu=3  noise=s2_Heavy
  linkage=Average
==============================================================================

Solver             Metric    Rho         0      0.10      0.20      0.30      0.40      0.50      0.60      0.70      0.80      0.90
------------------------------------------------------------------------------------------------------------------------------------
TREX-DA+BT: TLARS  FDR              0.0387    0.0267    0.0273    0.0393    0.0437    0.0655    0.0681    0.0864    0.1436    0.2702
                   sd_FDR           0.0925    0.0752    0.0771    0.0952    0.1226    0.1380    0.1232    0.1643    0.2048    0.2533
                   TPR              0.8030    0.8270    0.8270    0.8330    0.8370    0.8130    0.8050    0.8100    0.7310    0.6050
                   sd_TPR           0.2468    0.2301    0.2109    0.2396    0.2365    0.2381    0.2173    0.2239    0.2525    0.2625
                   Avg L            1.9400    1.9150    1.8700    1.9300    1.8100    1.7800    1.8050    1.7250    1.7100    1.4550
                   Avg T           30.9350   32.5800   28.7700   29.3950   25.9100   23.6400   26.2700   28.6450   27.2950   27.0750

TREX-DA+BT: TAFS   FDR              0.0317    0.0239    0.0244    0.0371    0.0507    0.0482    0.0550    0.0581    0.0941    0.1506
                   sd_FDR           0.0804    0.0671    0.0717    0.0882    0.1192    0.1156    0.1039    0.1053    0.1420    0.1808
                   TPR              0.8110    0.8340    0.8420    0.8420    0.8390    0.8490    0.8440    0.8180    0.7810    0.6510
                   sd_TPR           0.2391    0.2261    0.2099    0.2265    0.2275    0.2020    0.1935    0.1829    0.2080    0.2414
                   Avg L            1.8900    1.9350    1.8800    1.9200    1.7850    1.7850    1.8050    1.7700    1.7700    1.7050
                   Avg T            7.2750    7.4200    7.5550    7.5250    7.1850    7.2950    7.5900    7.4550    7.6750    7.6800

TREX-DA+BT: TOMP   FDR              0.0223    0.0260    0.0256    0.0196    0.0235    0.0377    0.0293    0.0203    0.0202    0.0657
                   sd_FDR           0.0657    0.0714    0.0712    0.0584    0.0669    0.0819    0.0722    0.0609    0.0678    0.1201
                   TPR              0.8440    0.8650    0.8930    0.9000    0.9180    0.9350    0.9560    0.9680    0.9360    0.7410
                   sd_TPR           0.2348    0.1974    0.1803    0.2064    0.1739    0.1591    0.1462    0.1031    0.1576    0.3150
                   Avg L            1.9450    1.9450    1.9350    1.9250    1.8950    1.8350    1.9600    1.8950    1.9300    1.9050
                   Avg T            7.5800    7.6800    7.7550    7.8250    7.5800    7.5600    7.7700    7.7850    7.9350    7.9450

==============================================================================

