
==============================================================================
  DA-TRex MC: da_ht_blocks_tFDR_s2_Heavy_Complete  (MC=200)
  HT-block tFDR sweep  n=150  M=5  Q=5  p=25  s=5  rho=0.8  SNR=2  nu=3
  noise=s2_Heavy  linkage=Complete
==============================================================================

Solver             Metric   tFDR      0.05      0.10      0.15      0.20      0.25      0.30      0.35      0.40      0.45      0.50
------------------------------------------------------------------------------------------------------------------------------------
TREX-DA+BT: TLARS  FDR              0.0927    0.1040    0.1302    0.1507    0.1757    0.1971    0.2251    0.2393    0.2603    0.3299
                   sd_FDR           0.1680    0.1555    0.1731    0.1916    0.1952    0.1960    0.1756    0.1670    0.1487    0.1224
                   TPR              0.6090    0.6130    0.6900    0.7560    0.7680    0.7820    0.8330    0.9250    0.9620    0.9870
                   sd_TPR           0.3363    0.3094    0.2848    0.2382    0.2476    0.2569    0.2310    0.1969    0.1366    0.0876
                   Avg L            4.8900    2.7350    2.0800    1.7300    1.2650    1.0600    1.0250    1.0150    1.0100    1.0000
                   Avg T           43.4250   41.1650   31.6600   26.8850   19.7150   16.3800   16.0700   17.2250   16.6400   18.3600

TREX-DA+BT: TAFS   FDR              0.0604    0.0689    0.0919    0.1036    0.1272    0.1592    0.1905    0.2056    0.2272    0.2633
                   sd_FDR           0.1209    0.1190    0.1403    0.1360    0.1327    0.1449    0.1446    0.1257    0.1153    0.1092
                   TPR              0.6580    0.6520    0.7120    0.7930    0.8090    0.8240    0.8900    0.9640    0.9750    0.9740
                   sd_TPR           0.2804    0.2886    0.2665    0.1885    0.1785    0.2070    0.1791    0.1094    0.0895    0.1028
                   Avg L            5.0750    2.6850    2.0350    1.7150    1.2450    1.0550    1.0300    1.0250    1.0050    1.0050
                   Avg T            7.6050    7.6300    7.5650    7.7250    7.4000    7.1350    7.2900    7.5350    7.6300    7.5550

TREX-DA+BT: TOMP   FDR              0.0368    0.0324    0.0460    0.0469    0.0381    0.0897    0.1172    0.1202    0.1264    0.1387
                   sd_FDR           0.0962    0.0849    0.1001    0.0982    0.0844    0.1152    0.1277    0.1181    0.1194    0.1180
                   TPR              0.8350    0.8620    0.8850    0.9540    0.9630    0.9420    0.9480    0.9720    0.9750    0.9730
                   sd_TPR           0.3186    0.2866    0.2610    0.1036    0.0942    0.1293    0.1156    0.0724    0.0800    0.0976
                   Avg L            5.1650    2.8450    2.0150    1.9100    1.3800    1.0450    1.0300    1.0050    1.0000    1.0000
                   Avg T            7.8300    7.8650    7.8350    7.8800    7.7250    7.6800    7.7300    7.7950    7.7750    7.9000

==============================================================================

