
==============================================================================
  DA-TRex MC: da_ht_blocks_Q_s2_Heavy_Average  (MC=200)
  HT-block Q sweep  n=150  M=5  s=5  rho=0.8  SNR=2  nu=3  p=M*Q varies
  noise=s2_Heavy  linkage=Average
==============================================================================

  Q                               5        10        15        20        25        30        35        40        45        50
-----------------------------------------------------------------------------------------------------------------------------

TREX-DA+BT: TLARS
  FDR                        0.1609    0.1639    0.1624    0.1471    0.1429    0.1677    0.1723    0.1782    0.1528    0.2023
  sd_FDR                     0.1993    0.1907    0.1942    0.1849    0.1762    0.1793    0.1985    0.2075    0.1821    0.2172
  TPR                        0.7130    0.7300    0.7300    0.7260    0.7190    0.7730    0.7330    0.7350    0.7540    0.7090
  sd_TPR                     0.2657    0.2301    0.2510    0.2640    0.2553    0.2257    0.2729    0.2771    0.2643    0.2762
  Avg L                      1.6600    1.7950    1.8300    1.8250    1.8050    1.9200    1.9450    1.9350    1.9000    1.9650
  Avg T                     27.3000   30.4200   33.1250   29.6000   34.0650   31.7050   27.4100   29.1950   26.6350   29.8800

TREX-DA+BT: TAFS
  FDR                        0.0910    0.0844    0.0986    0.0934    0.0651    0.0723    0.0959    0.0911    0.0786    0.0869
  sd_FDR                     0.1322    0.1254    0.1411    0.1277    0.1183    0.1103    0.1362    0.1353    0.1257    0.1418
  TPR                        0.7800    0.7950    0.7620    0.7940    0.7450    0.8260    0.7790    0.7650    0.7590    0.7470
  sd_TPR                     0.2150    0.2418    0.2655    0.2689    0.3257    0.2593    0.2970    0.3083    0.3339    0.3180
  Avg L                      1.8450    1.8200    1.8050    1.9050    1.7900    1.9100    1.9550    1.8700    1.8700    1.8600
  Avg T                      7.6700    7.2250    7.6050    7.3950    7.6250    7.6050    7.5550    7.2350    7.4450    7.5200

TREX-DA+BT: TOMP
  FDR                        0.0361    0.0423    0.0481    0.0361    0.0404    0.0382    0.0539    0.0561    0.0399    0.0548
  sd_FDR                     0.0859    0.0864    0.0932    0.0836    0.0864    0.0927    0.1137    0.1086    0.0849    0.1104
  TPR                        0.9210    0.8930    0.8820    0.8930    0.8660    0.9170    0.8880    0.8930    0.8790    0.8710
  sd_TPR                     0.1712    0.2354    0.2348    0.2388    0.2683    0.2028    0.2147    0.2294    0.2559    0.2414
  Avg L                      1.9100    1.9050    1.9450    1.9300    1.8300    1.9550    1.9700    1.9450    1.8850    1.9200
  Avg T                      7.8200    7.7800    7.7150    7.7750    7.8300    7.8900    7.9050    7.8150    7.7850    7.8250

