
==============================================================================
  DA-TRex MC: da_ht_blocks_Q_s1_Gauss_Average  (MC=200)
  HT-block Q sweep  n=150  M=5  s=5  rho=0.8  SNR=2  nu=3  p=M*Q varies
  noise=s1_Gauss  linkage=Average
==============================================================================

Solver             Metric      Q         5        10        15        20        25        30        35        40        45        50
------------------------------------------------------------------------------------------------------------------------------------
TREX-DA+BT: TLARS  FDR              0.1566    0.1607    0.1574    0.1643    0.1772    0.1644    0.1671    0.1629    0.1582    0.1869
                   sd_FDR           0.2034    0.1883    0.2023    0.1850    0.2131    0.1688    0.1932    0.1935    0.1861    0.1860
                   TPR              0.6960    0.7530    0.7130    0.7310    0.6900    0.7410    0.7620    0.7390    0.6970    0.7460
                   sd_TPR           0.2552    0.2414    0.2642    0.2626    0.2911    0.2404    0.2617    0.2780    0.3014    0.2412
                   Avg L            1.6750    1.7800    1.6950    1.8400    1.7700    1.8450    1.8800    1.9200    1.9300    1.8850
                   Avg T           27.6150   31.0050   35.7950   31.0100   27.5900   28.9400   23.8400   27.7200   24.4400   25.5350

TREX-DA+BT: TAFS   FDR              0.0854    0.0758    0.0711    0.0819    0.0734    0.0728    0.0814    0.0808    0.0658    0.0861
                   sd_FDR           0.1296    0.1181    0.1213    0.1175    0.1135    0.1164    0.1277    0.1335    0.1256    0.1335
                   TPR              0.8080    0.8200    0.7760    0.8070    0.8040    0.8290    0.8220    0.7990    0.7640    0.8200
                   sd_TPR           0.1900    0.1870    0.2868    0.2700    0.2849    0.2515    0.2566    0.2832    0.3330    0.2591
                   Avg L            1.8100    1.8250    1.8450    1.9100    1.8600    1.9500    1.9250    1.8750    1.9000    2.0100
                   Avg T            7.7550    7.7100    7.6200    7.6600    7.4150    7.5000    7.5100    7.5150    7.6700    7.3200

TREX-DA+BT: TOMP   FDR              0.0361    0.0339    0.0345    0.0378    0.0494    0.0408    0.0339    0.0409    0.0306    0.0507
                   sd_FDR           0.0824    0.0882    0.0879    0.0820    0.1013    0.0917    0.0840    0.0872    0.0828    0.1032
                   TPR              0.9030    0.8840    0.8720    0.9090    0.8820    0.8760    0.8860    0.9150    0.8670    0.8820
                   sd_TPR           0.1964    0.2341    0.2448    0.1900    0.2382    0.2436    0.2410    0.1798    0.2585    0.2252
                   Avg L            1.9500    1.8700    1.8550    1.8850    1.8250    1.9500    1.8950    1.9400    1.9400    1.9600
                   Avg T            7.8000    7.8400    7.8800    7.8600    7.8050    7.8850    7.7650    7.7900    7.9000    7.8500

==============================================================================

