
==============================================================================
  DA-TRex MC: da_ht_blocks_snr_s2_Heavy_Complete  (MC=200)
  HT-block SNR sweep  n=150  M=5  Q=5  p=25  s=5  rho=0.8  nu=3
  noise=s2_Heavy  linkage=Complete
==============================================================================

Solver             Metric    SNR      0.10      0.20      0.50      0.60         1         2         5
------------------------------------------------------------------------------------------------------
TREX-DA+BT: TLARS  FDR              0.0717    0.1463    0.1686    0.1992    0.1691    0.1672    0.1595
                   sd_FDR           0.2400    0.2819    0.2111    0.2431    0.1919    0.1949    0.1818
                   TPR              0.0360    0.1580    0.4920    0.5490    0.7160    0.7200    0.7250
                   sd_TPR           0.1112    0.2256    0.3118    0.3087    0.2617    0.2520    0.2368
                   Avg L            1.9850    2.5850    2.3500    2.2300    1.8100    1.6250    1.6250
                   Avg T           14.1600   14.8400   24.9350   23.4150   28.3250   25.7450   26.4050

TREX-DA+BT: TAFS   FDR              0.0478    0.0972    0.1207    0.0791    0.0906    0.1038    0.1559
                   sd_FDR           0.2027    0.2357    0.1860    0.1487    0.1404    0.1478    0.1608
                   TPR              0.0300    0.1180    0.4960    0.6130    0.7680    0.7620    0.6810
                   sd_TPR           0.1017    0.2017    0.3432    0.3152    0.2767    0.2289    0.2006
                   Avg L            1.9200    2.3700    2.3250    2.3100    1.9000    1.6950    1.5900
                   Avg T            6.0100    5.7050    6.4350    6.9600    7.2800    7.4150    7.6350

TREX-DA+BT: TOMP   FDR              0.0767    0.1116    0.1044    0.0891    0.0478    0.0445    0.0242
                   sd_FDR           0.2505    0.2588    0.1701    0.1572    0.1086    0.0915    0.0663
                   TPR              0.0370    0.1250    0.4990    0.6390    0.7920    0.8810    0.9670
                   sd_TPR           0.0984    0.1886    0.3367    0.3237    0.2973    0.2243    0.1094
                   Avg L            2.0450    2.4500    2.5050    2.4050    2.0350    1.9250    1.9050
                   Avg T            6.7850    6.4850    6.8500    6.8600    7.7200    7.7400    7.8200

==============================================================================

