
==============================================================================
  T-Rex+GVS MC 2D Grid: t3-Blocks  (MC=200, tFDR=0.1, n=200, p=500)
==============================================================================

  mean_TPP [EN]
  ------------------------------------------------------------
              rho=0.30rho=0.50rho=0.70rho=0.85rho=0.90rho=0.99
  snr=0.20      0.3770  0.6101  0.7226  0.7720  0.7891  0.8075
  snr=0.50      0.6900  0.8132  0.8647  0.8844  0.8892  0.8936
  snr=1.00      0.7961  0.8715  0.9030  0.9153  0.9175  0.9212
  snr=2.00      0.8469  0.9000  0.9240  0.9356  0.9372  0.9409
  snr=5.00      0.8764  0.9186  0.9378  0.9479  0.9516  0.9546


  mean_FDP [EN]
  ------------------------------------------------------------
              rho=0.30rho=0.50rho=0.70rho=0.85rho=0.90rho=0.99
  snr=0.20      0.0927  0.0886  0.0867  0.0869  0.0895  0.0894
  snr=0.50      0.0853  0.0905  0.0898  0.0853  0.0830  0.0796
  snr=1.00      0.0856  0.0868  0.0823  0.0777  0.0768  0.0737
  snr=2.00      0.0850  0.0839  0.0837  0.0798  0.0770  0.0719
  snr=5.00      0.0868  0.0843  0.0826  0.0793  0.0766  0.0702


  mean_TPP [EN+AUG]
  ------------------------------------------------------------
              rho=0.30rho=0.50rho=0.70rho=0.85rho=0.90rho=0.99
  snr=0.20      0.3904  0.6348  0.7409  0.7945  0.8087  0.8255
  snr=0.50      0.7160  0.8391  0.8850  0.9019  0.9057  0.9054
  snr=1.00      0.8206  0.8906  0.9198  0.9311  0.9324  0.9357
  snr=2.00      0.8685  0.9168  0.9399  0.9505  0.9515  0.9535
  snr=5.00      0.8957  0.9334  0.9515  0.9610  0.9641  0.9640


  mean_FDP [EN+AUG]
  ------------------------------------------------------------
              rho=0.30rho=0.50rho=0.70rho=0.85rho=0.90rho=0.99
  snr=0.20      0.0935  0.0929  0.0894  0.0906  0.0919  0.0874
  snr=0.50      0.0885  0.0945  0.0951  0.0894  0.0883  0.0779
  snr=1.00      0.0894  0.0902  0.0898  0.0854  0.0791  0.0731
  snr=2.00      0.0857  0.0869  0.0855  0.0839  0.0790  0.0734
  snr=5.00      0.0867  0.0836  0.0815  0.0792  0.0767  0.0665


  mean_TPP [IEN]
  ------------------------------------------------------------
              rho=0.30rho=0.50rho=0.70rho=0.85rho=0.90rho=0.99
  snr=0.20      0.2014  0.3973  0.5413  0.6126  0.6197  0.0070
  snr=0.50      0.4698  0.6459  0.7247  0.7511  0.7467  0.0074
  snr=1.00      0.6101  0.7323  0.7768  0.7849  0.7764  0.0076
  snr=2.00      0.6886  0.7733  0.8052  0.8141  0.8087  0.0080
  snr=5.00      0.7333  0.7941  0.8279  0.8309  0.8215  0.0080


  mean_FDP [IEN]
  ------------------------------------------------------------
              rho=0.30rho=0.50rho=0.70rho=0.85rho=0.90rho=0.99
  snr=0.20      0.0623  0.0376  0.0336  0.0381  0.0375  0.0025
  snr=0.50      0.0223  0.0148  0.0185  0.0212  0.0207  0.0000
  snr=1.00      0.0103  0.0097  0.0101  0.0123  0.0184  0.0000
  snr=2.00      0.0061  0.0052  0.0060  0.0064  0.0077  0.0000
  snr=5.00      0.0031  0.0027  0.0038  0.0037  0.0028  0.0000

