
==============================================================================
  T-Rex+GVS MC 2D Grid: Hastie  (MC=200, tFDR=0.1, n=200, p=500)
==============================================================================

  mean_TPP [EN]
  ------------------------------------------------------------
              rho=0.30rho=0.50rho=0.70rho=0.90rho=0.95rho=0.99
  snr=0.20      0.0656  0.1097  0.1251  0.1428  0.1658  0.3053
  snr=0.50      0.2581  0.3119  0.3282  0.3775  0.4400  0.6974
  snr=1.00      0.4598  0.4942  0.5008  0.5620  0.6376  0.8869
  snr=2.00      0.6532  0.6704  0.6710  0.7322  0.8084  0.9759
  snr=5.00      0.8586  0.8699  0.8684  0.9122  0.9561  0.9993


  mean_FDP [EN]
  ------------------------------------------------------------
              rho=0.30rho=0.50rho=0.70rho=0.90rho=0.95rho=0.99
  snr=0.20      0.0461  0.0477  0.0513  0.0486  0.0475  0.0742
  snr=0.50      0.0612  0.0636  0.0653  0.0721  0.0769  0.1105
  snr=1.00      0.0723  0.0776  0.0805  0.0824  0.0853  0.1126
  snr=2.00      0.0805  0.0849  0.0869  0.0876  0.0880  0.1071
  snr=5.00      0.0864  0.0887  0.0886  0.0865  0.0834  0.0858


  mean_TPP [IEN]
  ------------------------------------------------------------
              rho=0.30rho=0.50rho=0.70rho=0.90rho=0.95rho=0.99
  snr=0.20      0.0603  0.1059  0.1197  0.1355  0.1538  0.0208
  snr=0.50      0.2491  0.3010  0.3199  0.3672  0.4259  0.0357
  snr=1.00      0.4409  0.4789  0.4893  0.5491  0.6226  0.0506
  snr=2.00      0.6270  0.6516  0.6569  0.7186  0.7931  0.0713
  snr=5.00      0.8313  0.8533  0.8555  0.9044  0.9506  0.1098


  mean_FDP [IEN]
  ------------------------------------------------------------
              rho=0.30rho=0.50rho=0.70rho=0.90rho=0.95rho=0.99
  snr=0.20      0.0406  0.0503  0.0487  0.0527  0.0521  0.0178
  snr=0.50      0.0575  0.0635  0.0666  0.0736  0.0777  0.0159
  snr=1.00      0.0663  0.0698  0.0755  0.0825  0.0860  0.0214
  snr=2.00      0.0615  0.0681  0.0759  0.0852  0.0896  0.0308
  snr=5.00      0.0486  0.0578  0.0657  0.0788  0.0805  0.0412

