
======================================================================
=== T-Rex SPCA Results (averaged over 200 MC trials) ===
======================================================================

  SNR(dB)                     -10.0      -7.0      -5.0      -3.0       0.0       3.0       5.0       7.0      10.0
-------------------------------------------------------------------------------------------------------------------

OrdPCA
  PEV (total var)            0.2031    0.2633    0.3250    0.4050    0.5500    0.6977    0.7820    0.8487    0.9173
  PEV (Definition 1)         0.7211    0.7682    0.8121    0.8547    0.9096    0.9470    0.9654    0.9772    0.9883
  PEV (sig+mix part)         0.5175    0.6485    0.7295    0.8009    0.8881    0.9412    0.9630    0.9763    0.9880

OraclePCA
  PEV (total var)            0.1355    0.2012    0.2651    0.3501    0.4991    0.6515    0.7362    0.8073    0.8773
  PEV (Definition 1)         0.4810    0.5870    0.6625    0.7388    0.8254    0.8842    0.9088    0.9296    0.9452
  PEV (sig+mix part)         0.4039    0.5465    0.6395    0.7322    0.8423    0.9171    0.9491    0.9738    0.9982

TRexSPCA-EN-Act
  PEV (total var)            0.1145    0.1772    0.2402    0.3194    0.4541    0.5926    0.6648    0.7155    0.7587
  PEV (Definition 1)         0.4059    0.5166    0.6002    0.6741    0.7510    0.8044    0.8207    0.8240    0.8175
  PEV (sig+mix part)         0.3364    0.4766    0.5730    0.6596    0.7493    0.8078    0.8253    0.8278    0.8205

TRexSPCA-ENaug-Act
  PEV (total var)            0.1146    0.1772    0.2399    0.3188    0.4546    0.5928    0.6634    0.7118    0.7567
  PEV (Definition 1)         0.4065    0.5168    0.5995    0.6728    0.7518    0.8046    0.8190    0.8197    0.8153
  PEV (sig+mix part)         0.3378    0.4777    0.5722    0.6586    0.7495    0.8084    0.8236    0.8237    0.8183

TRexSPCA-EN-Thr
  PEV (total var)            0.1282    0.1953    0.2591    0.3420    0.4899    0.6418    0.7262    0.7936    0.8630
  PEV (Definition 1)         0.4550    0.5695    0.6472    0.7216    0.8102    0.8711    0.8965    0.9138    0.9298
  PEV (sig+mix part)         0.3929    0.5376    0.6301    0.7181    0.8251    0.8950    0.9206    0.9371    0.9483

TRexSPCA-ENaug-Thr
  PEV (total var)            0.1289    0.1944    0.2593    0.3422    0.4895    0.6424    0.7260    0.7948    0.8629
  PEV (Definition 1)         0.4576    0.5670    0.6479    0.7220    0.8094    0.8719    0.8962    0.9152    0.9297
  PEV (sig+mix part)         0.3932    0.5355    0.6317    0.7174    0.8237    0.8957    0.9199    0.9383    0.9481

