
======================================================================
=== T-Rex SPCA Results (averaged over 200 MC trials) ===
======================================================================

  tFDR                         0.01      0.05      0.10      0.15      0.20      0.25      0.30      0.35      0.40      0.45      0.50
---------------------------------------------------------------------------------------------------------------------------------------

OrdPCA
  PEV (total var)            0.5514    0.5500    0.5500    0.5500    0.5517    0.5499    0.5494    0.5500    0.5496    0.5501    0.5492
  PEV (Definition 1)         0.9098    0.9072    0.9093    0.9096    0.9094    0.9097    0.9084    0.9092    0.9087    0.9071    0.9086
  PEV (sig+mix part)         0.8876    0.8857    0.8874    0.8881    0.8880    0.8871    0.8865    0.8873    0.8878    0.8860    0.8869

OraclePCA
  PEV (total var)            0.5009    0.4993    0.5005    0.4991    0.5000    0.5000    0.4988    0.5006    0.4984    0.5006    0.4981
  PEV (Definition 1)         0.8263    0.8236    0.8274    0.8254    0.8241    0.8270    0.8248    0.8275    0.8241    0.8254    0.8241
  PEV (sig+mix part)         0.8444    0.8398    0.8450    0.8423    0.8423    0.8415    0.8414    0.8448    0.8402    0.8422    0.8410

TRexSPCA-EN-Act
  PEV (total var)            0.3653    0.4430    0.4577    0.4634    0.4756    0.4795    0.4847    0.4874    0.4923    0.4907    0.4923
  PEV (Definition 1)         0.6027    0.7307    0.7567    0.7664    0.7840    0.7933    0.8016    0.8058    0.8141    0.8091    0.8145
  PEV (sig+mix part)         0.6028    0.7345    0.7541    0.7613    0.7757    0.7815    0.7895    0.7930    0.8021    0.7978    0.8034

TRexSPCA-ENaug-Act
  PEV (total var)            0.3647    0.4435    0.4578    0.4626    0.4763    0.4797    0.4843    0.4866    0.4927    0.4918    0.4930
  PEV (Definition 1)         0.6019    0.7315    0.7568    0.7651    0.7851    0.7936    0.8008    0.8044    0.8147    0.8110    0.8156
  PEV (sig+mix part)         0.6021    0.7351    0.7545    0.7599    0.7765    0.7823    0.7886    0.7917    0.8027    0.7998    0.8045

TRexSPCA-EN-Thr
  PEV (total var)            0.3909    0.4813    0.4912    0.4982    0.5093    0.5155    0.5206    0.5259    0.5304    0.5337    0.5365
  PEV (Definition 1)         0.6450    0.7939    0.8120    0.8238    0.8395    0.8527    0.8608    0.8693    0.8770    0.8800    0.8875
  PEV (sig+mix part)         0.6454    0.8052    0.8259    0.8379    0.8512    0.8560    0.8611    0.8652    0.8689    0.8691    0.8738

TRexSPCA-ENaug-Thr
  PEV (total var)            0.3911    0.4816    0.4909    0.4976    0.5101    0.5149    0.5204    0.5258    0.5301    0.5338    0.5364
  PEV (Definition 1)         0.6453    0.7943    0.8115    0.8228    0.8407    0.8517    0.8606    0.8693    0.8764    0.8802    0.8874
  PEV (sig+mix part)         0.6453    0.8062    0.8255    0.8375    0.8518    0.8544    0.8610    0.8648    0.8693    0.8689    0.8733

