
======================================================================
=== T-Rex SPCA Results (averaged over 200 MC trials) ===
======================================================================

  #PCs                            1         3         5        10        20        30        40        49
---------------------------------------------------------------------------------------------------------

OrdPCA
  FDR                        0.9000    0.9000    0.9000    0.9000    0.9000    0.9000    0.9000    0.9000
  TPR                        1.0000    1.0000    1.0000    1.0000    1.0000    1.0000    1.0000    1.0000
  PEV (total var)            0.3992    0.5494    0.5997    0.7030    0.8447    0.9325    0.9808    1.0000
  PEV (Definition 1)         0.6605    0.9063    0.9924    1.1597    1.3950    1.5416    1.6194    1.6524
  PEV (sig+mix part)         0.6601    0.8848    0.9156    0.9676    1.0343    1.0683    1.0810    1.0776

OraclePCA
  FDR                        0.0000    0.0000    0.0010    0.0000    0.0000    0.0000    0.0000    0.0000
  TPR                        1.0000    1.0000    0.9990    1.0000    1.0000    1.0000    1.0000    1.0000
  PEV (total var)            0.3818    0.5000    0.5249    0.5780    0.6479    0.6871    0.7076    0.7102
  PEV (Definition 1)         0.6318    0.8247    0.8686    0.9535    1.0699    1.1359    1.1681    1.1735
  PEV (sig+mix part)         0.6318    0.8425    0.8668    0.9131    0.9950    1.0536    1.1053    1.1411

TRexSPCA-EN-Act
  FDR                        0.1203    0.1123    0.1237    0.1143    0.1097    0.1133    0.1233    0.1467
  TPR                        1.0000    1.0000    1.0000    1.0000    1.0000    1.0000    1.0000    1.0000
  PEV (total var)            0.3734    0.4581    0.4667    0.4783    0.4818    0.4779    0.4814    0.4838
  PEV (Definition 1)         0.6180    0.7558    0.7724    0.7890    0.7956    0.7900    0.7947    0.7993
  PEV (sig+mix part)         0.6180    0.7531    0.7520    0.7528    0.7565    0.7518    0.7541    0.7604

TRexSPCA-ENaug-Act
  FDR                        0.1220    0.1112    0.1240    0.1156    0.1074    0.1174    0.1186    0.1426
  TPR                        1.0000    1.0000    1.0000    1.0000    1.0000    1.0000    1.0000    1.0000
  PEV (total var)            0.3735    0.4584    0.4650    0.4776    0.4804    0.4793    0.4803    0.4821
  PEV (Definition 1)         0.6181    0.7562    0.7697    0.7880    0.7933    0.7923    0.7928    0.7965
  PEV (sig+mix part)         0.6181    0.7539    0.7503    0.7513    0.7545    0.7537    0.7532    0.7585

TRexSPCA-EN-Thr
  FDR                        0.1253    0.1129    0.1158    0.1170    0.1113    0.1150    0.1222    0.1409
  TPR                        1.0000    1.0000    1.0000    1.0000    1.0000    1.0000    1.0000    1.0000
  PEV (total var)            0.3874    0.4915    0.5037    0.5153    0.5169    0.5182    0.5198    0.5186
  PEV (Definition 1)         0.6410    0.8106    0.8335    0.8499    0.8535    0.8566    0.8581    0.8567
  PEV (sig+mix part)         0.6410    0.8254    0.8369    0.8397    0.8439    0.8456    0.8447    0.8443

TRexSPCA-ENaug-Thr
  FDR                        0.1197    0.1122    0.1200    0.1176    0.1139    0.1152    0.1177    0.1415
  TPR                        1.0000    1.0000    1.0000    1.0000    1.0000    1.0000    1.0000    1.0000
  PEV (total var)            0.3873    0.4905    0.5037    0.5158    0.5168    0.5178    0.5195    0.5178
  PEV (Definition 1)         0.6408    0.8090    0.8335    0.8509    0.8534    0.8560    0.8576    0.8554
  PEV (sig+mix part)         0.6408    0.8225    0.8402    0.8408    0.8415    0.8461    0.8449    0.8439

