
==============================================================================
  DA-TRex MC: da_ht_white_rho_s2_Heavy_Complete  (MC=200)
  HT+white rho sweep  n=150  p_total=500  M=5  Q=5  s=5  SNR=2.000000  nu=3.000000  noise=s2_Heavy  linkage=Complete
==============================================================================

Solver          Metric    Rho         0      0.10      0.20      0.30      0.40      0.50      0.60      0.70      0.80      0.90
---------------------------------------------------------------------------------------------------------------------------------
TREX-DA: TLARS  FDR              0.1390    0.1152    0.1142    0.1126    0.1032    0.1172    0.1251    0.1199    0.1130    0.1378
                sd_FDR           0.1492    0.1378    0.1583    0.1512    0.1399    0.1342    0.1586    0.1448    0.1443    0.1772
                TPR              0.9200    0.9290    0.9210    0.9330    0.9160    0.9160    0.8770    0.8300    0.7820    0.6300
                sd_TPR           0.1689    0.1652    0.1758    0.1504    0.1797    0.1583    0.1971    0.1899    0.1904    0.2301
                Avg L            2.0550    2.0300    1.9850    1.9200    1.8900    1.6800    1.6700    1.6700    1.7150    1.8000
                Avg T           10.3900   12.9550   10.5500   10.1200   11.4150    9.4000   10.8300   10.0850    9.8350   11.2500

TREX-DA: TAFS   FDR              0.1179    0.1221    0.1091    0.1182    0.0920    0.1076    0.1127    0.1146    0.1254    0.2043
                sd_FDR           0.1406    0.1364    0.1376    0.1513    0.1310    0.1241    0.1359    0.1494    0.1579    0.1808
                TPR              0.9420    0.9500    0.9450    0.9670    0.9420    0.9580    0.9320    0.9040    0.8880    0.7540
                sd_TPR           0.1833    0.1662    0.1712    0.1497    0.1586    0.1091    0.1707    0.1759    0.1398    0.1899
                Avg L            1.8850    1.8550    1.9200    1.7600    1.6750    1.4650    1.4650    1.4250    1.4800    1.3950
                Avg T            5.9650    6.5700    6.6800    6.2300    6.3650    6.1400    6.4150    6.3750    6.2900    6.3600

TREX-DA: TOMP   FDR              0.1252    0.1095    0.1019    0.1156    0.0993    0.1283    0.1252    0.1190    0.1263    0.2096
                sd_FDR           0.1362    0.1227    0.1242    0.1309    0.1195    0.1293    0.1312    0.1434    0.1462    0.1703
                TPR              0.9590    0.9610    0.9630    0.9750    0.9670    0.9840    0.9620    0.9560    0.9390    0.8560
                sd_TPR           0.1518    0.1413    0.1361    0.1202    0.1249    0.0733    0.1532    0.1302    0.1287    0.1703
                Avg L            1.8100    1.7800    1.7550    1.6450    1.5750    1.3650    1.3250    1.2400    1.1500    1.0650
                Avg T            7.3400    7.3050    7.2700    7.0400    7.3050    6.9550    6.9550    6.8800    6.8400    6.9550

==============================================================================

