
==============================================================================
  DA-TRex MC: da_ht_white_M_s2_Heavy_Complete  (MC=200)
  HT+white M sweep  n=150  p_total=500  Q=5  rho=0.800000  SNR=2.000000  nu=3.000000  p_ar=M*Q and s=M vary  noise=s2_Heavy  linkage=Complete
==============================================================================

Solver          Metric      M         1         3         5        10        15        20        30
---------------------------------------------------------------------------------------------------
TREX-DA: TLARS  FDR              0.1394    0.1089    0.1126    0.2026    0.1778    0.2237    0.2375
                sd_FDR           0.2560    0.1782    0.1723    0.1944    0.2133    0.2759    0.3240
                TPR              0.8000    0.8000    0.7590    0.4410    0.2297    0.0950    0.0423
                sd_TPR           0.4010    0.2386    0.2106    0.2217    0.1612    0.1076    0.0594
                Avg L            3.8900    2.0600    1.6150    2.2650    2.7050    2.9000    2.9350
                Avg T           21.5950   12.4650   12.1100    6.7400    5.6850    5.5450    5.1500

TREX-DA: TAFS   FDR              0.1858    0.1232    0.1264    0.1828    0.2045    0.2369    0.1999
                sd_FDR           0.3836    0.1854    0.1679    0.1581    0.2333    0.2984    0.3223
                TPR              0.0250    0.6917    0.8700    0.6230    0.2743    0.0945    0.0340
                sd_TPR           0.1565    0.2085    0.1846    0.2730    0.1949    0.1023    0.0445
                Avg L            1.5800    2.0150    1.4750    1.6800    2.3150    2.6950    2.8400
                Avg T            5.9900    6.8850    6.5600    6.7550    6.9200    5.8650    5.3550

TREX-DA: TOMP   FDR              0.1237    0.1155    0.1252    0.1958    0.2006    0.2654    0.1936
                sd_FDR           0.2223    0.1591    0.1402    0.1908    0.2607    0.3368    0.3445
                TPR              0.9950    0.9883    0.9380    0.5995    0.2057    0.0673    0.0245
                sd_TPR           0.0707    0.0699    0.1479    0.2858    0.1776    0.0724    0.0332
                Avg L            4.4150    1.9950    1.1750    1.5450    2.2850    2.7450    3.2000
                Avg T            7.6150    7.5900    7.1900    6.9550    6.5900    6.8700    7.0000

==============================================================================

