
==============================================================================
  DA-TRex MC: da_ht_white_snr_s2_Heavy_Average  (MC=200)
  HT+white SNR sweep  n=150  p_total=500  M=5  Q=5  p_ar=25  s=5  rho=0.800000  nu=3.000000  noise=s2_Heavy  linkage=Average
==============================================================================

Solver          Metric    SNR      0.10      0.20      0.50      0.60         1         2         5
---------------------------------------------------------------------------------------------------
TREX-DA: TLARS  FDR              0.1443    0.1843    0.1401    0.1827    0.1195    0.1124    0.1076
                sd_FDR           0.3442    0.3670    0.2517    0.2759    0.1894    0.1439    0.1556
                TPR              0.0080    0.0390    0.2870    0.3770    0.6050    0.7880    0.7990
                sd_TPR           0.0393    0.0955    0.2485    0.2815    0.2810    0.1971    0.2098
                Avg L            2.0050    2.4900    2.8800    2.9350    2.2700    1.7150    1.4300
                Avg T            7.5650    6.0100    7.1050    6.8550    9.7550   11.5600   11.1400

TREX-DA: TAFS   FDR              0.1675    0.1775    0.1963    0.2057    0.1444    0.1381    0.1084
                sd_FDR           0.3659    0.3549    0.2832    0.2708    0.1775    0.1562    0.1562
                TPR              0.0110    0.0520    0.3460    0.4610    0.7570    0.8650    0.8110
                sd_TPR           0.0457    0.1173    0.2783    0.3062    0.2820    0.1677    0.1556
                Avg L            2.2200    2.7700    2.7900    2.5650    1.8450    1.3550    1.3450
                Avg T            5.7050    5.1900    5.5250    5.8450    6.2750    6.0600    6.3250

TREX-DA: TOMP   FDR              0.1625    0.1913    0.2204    0.2131    0.1361    0.1539    0.1196
                sd_FDR           0.3647    0.3727    0.3049    0.2801    0.1873    0.1406    0.1460
                TPR              0.0120    0.0520    0.3590    0.4430    0.7830    0.9420    0.9710
                sd_TPR           0.0517    0.1173    0.3016    0.3099    0.2681    0.1339    0.1049
                Avg L            2.3400    2.8450    2.8750    2.5950    1.7200    1.1250    1.0950
                Avg T            7.3550    6.9750    6.8550    6.8250    6.9050    6.8900    6.7050

==============================================================================

