
==============================================================================
  DA-TRex MC: da_ht_white_tFDR_s1_Gauss_Average  (MC=200)
  HT+white tFDR sweep  n=150  p_total=500  M=5  Q=5  p_ar=25  s=5  rho=0.800000  SNR=2.000000  nu=3.000000  noise=s1_Gauss  linkage=Average
==============================================================================

Solver          Metric   tFDR      0.05      0.10      0.15      0.20      0.25      0.30      0.35      0.40      0.45      0.50
---------------------------------------------------------------------------------------------------------------------------------
TREX-DA: TLARS  FDR              0.0231    0.0343    0.0470    0.0516    0.0875    0.1165    0.1614    0.2427    0.2979    0.3645
                sd_FDR           0.0793    0.1076    0.1038    0.1092    0.1404    0.1575    0.1780    0.1862    0.1795    0.1609
                TPR              0.6260    0.7250    0.7290    0.7670    0.7690    0.7740    0.7910    0.8020    0.8720    0.9160
                sd_TPR           0.2677    0.2325    0.2177    0.1942    0.1935    0.2067    0.2067    0.2233    0.1881    0.1646
                Avg L            6.5100    3.4700    2.3450    1.8300    1.2550    1.0700    1.0450    1.0150    1.0050    1.0000
                Avg T           11.7550   13.3800   11.9050   10.5700    8.3550    8.1350   11.4100   12.1900   15.9050   21.2100

TREX-DA: TAFS   FDR              0.0545    0.0441    0.0693    0.0695    0.1051    0.1458    0.1882    0.2261    0.2902    0.3210
                sd_FDR           0.1126    0.0928    0.1176    0.1204    0.1374    0.1524    0.1636    0.1417    0.1357    0.1389
                TPR              0.7920    0.8260    0.8420    0.8890    0.8480    0.8720    0.9140    0.9220    0.9400    0.9340
                sd_TPR           0.2293    0.2018    0.1876    0.1536    0.1704    0.1714    0.1696    0.1511    0.1152    0.1433
                Avg L            5.2300    2.7700    2.0800    1.5400    1.0600    1.0350    1.0050    1.0050    1.0000    1.0000
                Avg T            6.6100    6.3600    6.3000    6.6900    6.6000    6.7000    7.5850    8.0050    8.5000    8.5500

TREX-DA: TOMP   FDR              0.0527    0.0531    0.0565    0.0685    0.1012    0.1269    0.1698    0.1821    0.2148    0.2149
                sd_FDR           0.1075    0.1063    0.0979    0.1124    0.1314    0.1532    0.1323    0.1423    0.1524    0.1532
                TPR              0.9220    0.9260    0.9440    0.9460    0.9420    0.9310    0.9540    0.9570    0.9600    0.9400
                sd_TPR           0.1537    0.1583    0.1172    0.1111    0.1339    0.1383    0.1247    0.1039    0.0874    0.1186
                Avg L            4.5350    2.3650    2.0600    1.1400    1.0400    1.0150    1.0150    1.0100    1.0000    1.0050
                Avg T            7.6100    7.1300    7.4050    6.8350    7.5300    7.4650    7.9250    8.1100    8.1800    8.1800

==============================================================================

