
==============================================================================
  DA-TRex MC: da_ht_white_M_s2_Heavy_Single  (MC=200)
  HT+white M sweep  n=150  p_total=500  Q=5  rho=0.800000  SNR=2.000000  nu=3.000000  p_ar=M*Q and s=M vary  noise=s2_Heavy  linkage=Single
==============================================================================

Solver          Metric      M         1         3         5        10        15        20        30
---------------------------------------------------------------------------------------------------
TREX-DA: TLARS  FDR              0.0942    0.0521    0.0430    0.1112    0.1085    0.1796    0.1792
                sd_FDR           0.2169    0.1340    0.1173    0.1616    0.1719    0.2861    0.2988
                TPR              0.7900    0.7817    0.7640    0.4000    0.2037    0.0825    0.0373
                sd_TPR           0.4083    0.2665    0.2248    0.2194    0.1527    0.1001    0.0516
                Avg L            3.8900    2.1600    1.8650    2.3050    2.8150    2.8000    2.8550
                Avg T           23.6550   21.7700   18.4200    6.8000    5.9300    5.7350    5.9400

TREX-DA: TAFS   FDR              0.1075    0.0416    0.0768    0.1413    0.1628    0.2007    0.1760
                sd_FDR           0.3085    0.1067    0.1387    0.1547    0.2148    0.2746    0.3099
                TPR              0.0050    0.6717    0.8630    0.5965    0.2670    0.0945    0.0320
                sd_TPR           0.0707    0.2398    0.2001    0.2875    0.1881    0.0978    0.0413
                Avg L            1.3250    2.0200    1.6050    1.7600    2.5550    2.7950    2.9700
                Avg T            6.3500    6.7050    6.5550    6.1600    7.0600    6.2050    5.6550

TREX-DA: TOMP   FDR              0.1092    0.0732    0.0804    0.1602    0.1994    0.2129    0.1777
                sd_FDR           0.2098    0.1309    0.1212    0.1842    0.2726    0.3208    0.3208
                TPR              0.9750    0.9867    0.9310    0.5770    0.1957    0.0685    0.0242
                sd_TPR           0.1565    0.0808    0.1535    0.2941    0.1608    0.0782    0.0319
                Avg L            4.3950    2.1000    1.3500    1.7300    2.5300    2.7800    3.1050
                Avg T            7.5650    7.6450    6.2700    6.0450    6.9100    6.5600    6.9550

==============================================================================

