
==============================================================================
  DA-TRex MC: da_ht_white_snr_s1_Gauss_Complete  (MC=200)
  HT+white SNR sweep  n=150  p_total=500  M=5  Q=5  p_ar=25  s=5  rho=0.800000  nu=3.000000  noise=s1_Gauss  linkage=Complete
==============================================================================

Solver          Metric    SNR      0.10      0.20      0.50      0.60         1         2         5
---------------------------------------------------------------------------------------------------
TREX-DA: TLARS  FDR              0.0275    0.0583    0.1026    0.1008    0.1167    0.0880    0.0683
                sd_FDR           0.1601    0.2271    0.2358    0.1948    0.1845    0.1283    0.1151
                TPR              0.0050    0.0220    0.2130    0.2920    0.5820    0.7710    0.8160
                sd_TPR           0.0313    0.0688    0.2132    0.2363    0.2623    0.2019    0.1786
                Avg L            1.4700    2.0450    3.3000    3.1100    2.4350    1.8200    1.5900
                Avg T            7.1250    6.4950    6.4050    6.8600    8.0000   11.9900   17.6050

TREX-DA: TAFS   FDR              0.0175    0.0517    0.1157    0.1178    0.1418    0.0975    0.0734
                sd_FDR           0.1266    0.2168    0.2213    0.2081    0.1878    0.1379    0.1233
                TPR              0.0050    0.0210    0.2680    0.3280    0.6990    0.8730    0.8290
                sd_TPR           0.0313    0.0677    0.2255    0.2599    0.2599    0.1750    0.1351
                Avg L            1.5800    2.2750    3.5150    3.0150    2.0700    1.5400    1.3650
                Avg T            5.7300    5.3300    5.8900    5.3500    6.1450    6.6600    7.0000

TREX-DA: TOMP   FDR              0.0350    0.0725    0.1391    0.1359    0.1309    0.0860    0.0502
                sd_FDR           0.1842    0.2575    0.2621    0.2257    0.1875    0.1316    0.0946
                TPR              0.0070    0.0220    0.2430    0.3530    0.7190    0.9270    0.9860
                sd_TPR           0.0368    0.0627    0.2168    0.2536    0.2592    0.1420    0.0549
                Avg L            1.6300    2.4450    3.5650    3.1250    1.9750    1.1850    1.0600
                Avg T            7.2950    7.2350    6.6050    6.6000    7.0800    7.1500    6.9450

==============================================================================

