
==============================================================================
  DA-TRex MC: da_ht_white_tFDR_s2_Heavy_Average  (MC=200)
  HT+white tFDR sweep  n=150  p_total=500  M=5  Q=5  p_ar=25  s=5  rho=0.800000  SNR=2.000000  nu=3.000000  noise=s2_Heavy  linkage=Average
==============================================================================

Solver          Metric   tFDR      0.05      0.10      0.15      0.20      0.25      0.30      0.35      0.40      0.45      0.50
---------------------------------------------------------------------------------------------------------------------------------
TREX-DA: TLARS  FDR              0.0407    0.0549    0.0881    0.1115    0.1235    0.1724    0.2748    0.2779    0.3585    0.4180
                sd_FDR           0.1252    0.1099    0.1561    0.1600    0.1722    0.1681    0.1986    0.1858    0.1859    0.1717
                TPR              0.6380    0.7300    0.7290    0.7690    0.7510    0.7910    0.7840    0.8290    0.8700    0.9090
                sd_TPR           0.2602    0.2129    0.2177    0.2085    0.2210    0.2028    0.2315    0.2145    0.1889    0.1639
                Avg L            6.3250    3.3750    2.3250    1.7100    1.2750    1.0700    1.0550    1.0150    1.0000    1.0000
                Avg T           13.5950   13.7900   16.2500   12.1150   10.0000    8.0100   11.1100   14.2450   18.5600   23.6950

TREX-DA: TAFS   FDR              0.0704    0.0771    0.1038    0.1351    0.1390    0.2167    0.2786    0.3144    0.3274    0.3856
                sd_FDR           0.1362    0.1245    0.1496    0.1543    0.1569    0.1643    0.1798    0.1546    0.1451    0.1306
                TPR              0.7830    0.8320    0.8260    0.8800    0.8350    0.8930    0.8950    0.9080    0.9480    0.9430
                sd_TPR           0.2258    0.1928    0.1947    0.1629    0.1886    0.1472    0.1848    0.1688    0.0946    0.1030
                Avg L            5.1500    2.7350    2.1050    1.4700    1.0900    1.0200    1.0300    1.0100    1.0000    1.0000
                Avg T            5.9100    6.3800    6.6250    6.2600    6.3050    6.7350    7.5950    8.4100    8.6600    8.9400

TREX-DA: TOMP   FDR              0.0839    0.0875    0.1080    0.1378    0.1640    0.2047    0.2567    0.2605    0.2662    0.2917
                sd_FDR           0.1296    0.1175    0.1324    0.1541    0.1448    0.1470    0.1598    0.1528    0.1534    0.1447
                TPR              0.9010    0.9300    0.9260    0.9400    0.9480    0.9530    0.9380    0.9350    0.9480    0.9570
                sd_TPR           0.2035    0.1537    0.1693    0.1460    0.1349    0.1098    0.1646    0.1359    0.1065    0.0871
                Avg L            4.6050    2.2900    2.0150    1.0950    1.0350    1.0050    1.0500    1.0100    1.0000    1.0000
                Avg T            7.4250    7.0500    7.2900    6.7700    7.2500    7.2450    8.0100    8.3900    8.3750    8.3100

==============================================================================

