
==============================================================================
  DA-TRex MC: da_ht_white_snr_s1_Gauss_Single  (MC=200)
  HT+white SNR sweep  n=150  p_total=500  M=5  Q=5  p_ar=25  s=5  rho=0.800000  nu=3.000000  noise=s1_Gauss  linkage=Single
==============================================================================

Solver          Metric    SNR      0.10      0.20      0.50      0.60         1         2         5
---------------------------------------------------------------------------------------------------
TREX-DA: TLARS  FDR              0.0250    0.0458    0.0737    0.0532    0.0593    0.0364    0.0164
                sd_FDR           0.1565    0.2039    0.2076    0.1401    0.1431    0.0876    0.0672
                TPR              0.0040    0.0180    0.2060    0.2730    0.5500    0.7490    0.8160
                sd_TPR           0.0281    0.0640    0.2149    0.2296    0.2725    0.2242    0.1968
                Avg L            1.3950    2.0050    3.3300    3.0000    2.5200    1.8350    1.7250
                Avg T           13.2100    8.2250    9.4800    8.4450   10.7200   18.5500   26.4100

TREX-DA: TAFS   FDR              0.0050    0.0575    0.1181    0.1038    0.0977    0.0707    0.0235
                sd_FDR           0.0707    0.2307    0.2439    0.1965    0.1594    0.1232    0.0739
                TPR              0.0040    0.0170    0.2340    0.3280    0.6780    0.8490    0.8330
                sd_TPR           0.0281    0.0594    0.2261    0.2668    0.2769    0.2117    0.1415
                Avg L            1.4650    2.1050    3.3300    2.8600    2.1450    1.6300    1.5650
                Avg T            6.0600    5.7950    5.2750    4.7700    5.8550    6.5500    7.0450

TREX-DA: TOMP   FDR              0.0200    0.0675    0.1491    0.1128    0.1143    0.0751    0.0295
                sd_FDR           0.1404    0.2490    0.2825    0.2078    0.1763    0.1357    0.0768
                TPR              0.0060    0.0200    0.2400    0.3410    0.7200    0.9250    0.9850
                sd_TPR           0.0342    0.0602    0.2150    0.2487    0.2512    0.1572    0.0565
                Avg L            1.5800    2.4000    3.4300    3.0350    1.9400    1.3050    1.2600
                Avg T            7.2300    7.2800    6.5950    6.6750    6.5250    6.1450    6.1200

==============================================================================

