
==============================================================================
  DA-TRex MC: da_ht_white_M_s1_Gauss_Average  (MC=200)
  HT+white M sweep  n=150  p_total=500  Q=5  rho=0.800000  SNR=2.000000  nu=3.000000  p_ar=M*Q and s=M vary  noise=s1_Gauss  linkage=Average
==============================================================================

Solver          Metric      M         1         3         5        10        15        20        30
---------------------------------------------------------------------------------------------------
TREX-DA: TLARS  FDR              0.0300    0.0471    0.0639    0.1694    0.1594    0.2072    0.1492
                sd_FDR           0.1190    0.1196    0.1209    0.1821    0.2155    0.2876    0.2757
                TPR              0.8000    0.8083    0.7730    0.3860    0.1800    0.0785    0.0327
                sd_TPR           0.4010    0.2277    0.2193    0.1923    0.1345    0.0886    0.0487
                Avg L            4.2150    2.1300    1.8050    2.4950    2.9950    3.0250    3.1100
                Avg T           26.1050   18.1400   12.9000    6.2600    5.6850    5.4700    4.8650

TREX-DA: TAFS   FDR              0.0325    0.0292    0.0836    0.1641    0.1551    0.2013    0.1646
                sd_FDR           0.1742    0.0944    0.1251    0.1708    0.2033    0.2861    0.3158
                TPR              0.0100    0.6733    0.8860    0.5295    0.1990    0.0798    0.0227
                sd_TPR           0.0997    0.1889    0.1547    0.2414    0.1479    0.0827    0.0353
                Avg L            1.1600    2.1150    1.5350    1.8450    2.5400    2.9950    2.9650
                Avg T            7.0650    7.3250    6.7100    6.3950    6.1300    5.6600    4.7700

TREX-DA: TOMP   FDR              0.0208    0.0370    0.0587    0.1661    0.1469    0.2225    0.1487
                sd_FDR           0.1029    0.0963    0.1020    0.1952    0.2282    0.3417    0.3038
                TPR              0.9950    0.9883    0.9450    0.5165    0.1500    0.0543    0.0198
                sd_TPR           0.0707    0.0699    0.1151    0.2606    0.1290    0.0640    0.0293
                Avg L            4.8850    2.0050    1.1550    1.5800    2.6550    3.0050    3.2100
                Avg T            7.9500    7.8250    6.9750    6.2950    6.9650    6.7150    6.8500

==============================================================================

