
==============================================================================
  DA-TRex MC: da_ht_white_Q_s1_Gauss_Average  (MC=200)
  HT+white Q sweep  n=150  p_total=500  M=5  s=5  rho=0.800000  SNR=2.000000  nu=3.000000  p_ar=M*Q varies  noise=s1_Gauss  linkage=Average
==============================================================================

Solver          Metric      Q         5        10        15        20        25        30        35        40        45        50
---------------------------------------------------------------------------------------------------------------------------------
TREX-DA: TLARS  FDR              0.0738    0.1107    0.1312    0.1233    0.1105    0.1196    0.1388    0.1262    0.1478    0.1545
                sd_FDR           0.1269    0.1444    0.1867    0.1578    0.1559    0.1500    0.1869    0.1630    0.1701    0.1736
                TPR              0.7230    0.7810    0.7430    0.7750    0.7710    0.7860    0.7830    0.7630    0.7530    0.7700
                sd_TPR           0.2437    0.2001    0.2350    0.2064    0.2236    0.2050    0.2454    0.2224    0.2389    0.2120
                Avg L            1.8850    1.7850    1.8450    1.7300    1.8500    1.8050    1.7650    1.8000    1.8650    1.8750
                Avg T           12.8550   14.7750   16.6700   17.0200   22.2100   25.7600   19.2350   18.6850   18.4850   18.8450

TREX-DA: TAFS   FDR              0.0970    0.0931    0.1100    0.1029    0.1065    0.0982    0.1113    0.1051    0.1015    0.1055
                sd_FDR           0.1333    0.1252    0.1343    0.1261    0.1439    0.1374    0.1509    0.1291    0.1326    0.1312
                TPR              0.8510    0.8790    0.8700    0.8760    0.8680    0.8970    0.8890    0.8740    0.8920    0.8730
                sd_TPR           0.1934    0.1615    0.1698    0.1822    0.1999    0.1629    0.1941    0.1786    0.1723    0.1829
                Avg L            1.5650    1.5400    1.5750    1.5300    1.5500    1.5900    1.6000    1.7000    1.7600    1.8500
                Avg T            6.7000    6.4150    6.7400    6.6650    6.9400    7.0350    7.1500    6.8400    7.0800    7.0300

TREX-DA: TOMP   FDR              0.0810    0.0776    0.0875    0.0666    0.0744    0.0632    0.0671    0.0628    0.0635    0.0683
                sd_FDR           0.1210    0.1272    0.1205    0.1132    0.1224    0.1005    0.1170    0.1083    0.1144    0.1212
                TPR              0.9320    0.9480    0.9300    0.9370    0.9290    0.9500    0.9420    0.9340    0.9500    0.9520
                sd_TPR           0.1352    0.1138    0.1232    0.1213    0.1328    0.1037    0.1339    0.1347    0.1264    0.1103
                Avg L            1.1850    1.1700    1.2450    1.1500    1.2050    1.1900    1.3550    1.5700    1.7700    1.8100
                Avg T            6.8400    6.1250    6.2600    6.2500    6.6450    7.1900    7.5850    7.6200    7.6350    7.7800

==============================================================================

