
==============================================================================
  DA-TRex MC: da_ht_white_M_s1_Gauss_Complete  (MC=200)
  HT+white M sweep  n=150  p_total=500  Q=5  rho=0.800000  SNR=2.000000  nu=3.000000  p_ar=M*Q and s=M vary  noise=s1_Gauss  linkage=Complete
==============================================================================

Solver          Metric      M         1         3         5        10        15        20        30
---------------------------------------------------------------------------------------------------
TREX-DA: TLARS  FDR              0.0275    0.0583    0.0843    0.1774    0.1802    0.2062    0.1635
                sd_FDR           0.1345    0.1276    0.1358    0.1958    0.2314    0.2890    0.2840
                TPR              0.8100    0.8200    0.7840    0.3845    0.1823    0.0852    0.0323
                sd_TPR           0.3933    0.2238    0.2068    0.1995    0.1409    0.0929    0.0465
                Avg L            4.2600    2.1000    1.8500    2.3400    3.0500    3.1450    3.0400
                Avg T           25.5350   15.2750   11.3100    6.0700    6.1950    6.5950    4.6150

TREX-DA: TAFS   FDR              0.0725    0.0433    0.0893    0.1739    0.1767    0.2083    0.1720
                sd_FDR           0.2526    0.1105    0.1263    0.1752    0.2196    0.3112    0.3062
                TPR              0.0300    0.6833    0.8920    0.5410    0.1993    0.0770    0.0263
                sd_TPR           0.1710    0.1912    0.1627    0.2444    0.1500    0.0816    0.0391
                Avg L            1.3400    2.1000    1.5400    1.7900    2.5650    3.0050    3.0400
                Avg T            6.8800    7.3450    6.8450    6.4250    6.2950    5.4250    5.1500

TREX-DA: TOMP   FDR              0.0175    0.0320    0.0632    0.1553    0.1580    0.2081    0.1435
                sd_FDR           0.0921    0.0914    0.1076    0.1801    0.2270    0.3298    0.3097
                TPR              0.9850    0.9867    0.9450    0.5185    0.1523    0.0548    0.0173
                sd_TPR           0.1219    0.0735    0.1168    0.2679    0.1189    0.0625    0.0254
                Avg L            4.8850    2.0050    1.2000    1.7300    2.6050    2.9400    3.2000
                Avg T            7.9500    7.8150    7.2400    6.6650    6.9700    6.4600    6.7750

==============================================================================

