
==============================================================================
  DA-TRex MC: da_ht_white_Q_s2_Heavy_Average  (MC=200)
  HT+white Q sweep  n=150  p_total=500  M=5  s=5  rho=0.800000  SNR=2.000000  nu=3.000000  p_ar=M*Q varies  noise=s2_Heavy  linkage=Average
==============================================================================

Solver          Metric      Q         5        10        15        20        25        30        35        40        45        50
---------------------------------------------------------------------------------------------------------------------------------
TREX-DA: TLARS  FDR              0.1155    0.1376    0.1288    0.1546    0.1579    0.1544    0.1626    0.1829    0.1683    0.2126
                sd_FDR           0.1695    0.1726    0.1521    0.1702    0.1695    0.1764    0.1925    0.2127    0.1935    0.1881
                TPR              0.7320    0.7390    0.7720    0.7760    0.7580    0.7730    0.7790    0.7460    0.7550    0.7280
                sd_TPR           0.2200    0.2314    0.2178    0.2146    0.2335    0.2203    0.2342    0.2597    0.2376    0.2330
                Avg L            1.8400    1.6950    1.7450    1.7900    1.7300    1.7550    1.7400    1.7100    1.9100    1.8600
                Avg T            9.0200   11.7450   12.4700   20.0050   18.3150   23.4850   21.9850   19.9350   22.2350   19.2300

TREX-DA: TAFS   FDR              0.1449    0.1438    0.1384    0.1451    0.1434    0.1375    0.1504    0.1355    0.1231    0.1524
                sd_FDR           0.1659    0.1505    0.1408    0.1542    0.1632    0.1499    0.1784    0.1591    0.1470    0.1474
                TPR              0.8450    0.8680    0.8690    0.8600    0.8470    0.8590    0.8690    0.8590    0.8840    0.8550
                sd_TPR           0.1875    0.1584    0.1732    0.1748    0.2064    0.1846    0.1960    0.1900    0.1682    0.1815
                Avg L            1.4750    1.4800    1.5550    1.5300    1.5150    1.4850    1.5500    1.5450    1.7400    1.8250
                Avg T            6.0900    6.3150    6.6700    6.8450    6.8400    6.8850    7.0400    7.0700    7.1000    6.8400

TREX-DA: TOMP   FDR              0.1562    0.1415    0.1183    0.1227    0.1326    0.1146    0.1315    0.1024    0.1012    0.1179
                sd_FDR           0.1636    0.1478    0.1329    0.1457    0.1330    0.1343    0.1525    0.1333    0.1439    0.1391
                TPR              0.9200    0.9340    0.9340    0.9370    0.9260    0.9320    0.9310    0.9480    0.9420    0.9350
                sd_TPR           0.1665    0.1270    0.1475    0.1535    0.1518    0.1410    0.1624    0.1334    0.1481    0.1235
                Avg L            1.1900    1.1800    1.1950    1.2200    1.2200    1.2050    1.3350    1.4650    1.7000    1.7450
                Avg T            6.6800    6.5400    6.5950    6.6900    7.0150    7.2350    7.5100    7.5600    7.4450    7.6350

==============================================================================

