
==============================================================================
  DA-TRex MC: da_ht_white_tFDR_s2_Heavy_Single  (MC=200)
  HT+white tFDR sweep  n=150  p_total=500  M=5  Q=5  p_ar=25  s=5  rho=0.800000  SNR=2.000000  nu=3.000000  noise=s2_Heavy  linkage=Single
==============================================================================

Solver          Metric   tFDR      0.05      0.10      0.15      0.20      0.25      0.30      0.35      0.40      0.45      0.50
---------------------------------------------------------------------------------------------------------------------------------
TREX-DA: TLARS  FDR              0.0254    0.0275    0.0419    0.0544    0.0511    0.0736    0.1401    0.1839    0.2317    0.2956
                sd_FDR           0.1109    0.0818    0.1318    0.1193    0.0995    0.1097    0.1474    0.1551    0.1478    0.1361
                TPR              0.6170    0.7220    0.7310    0.7750    0.7580    0.7910    0.7950    0.8260    0.9070    0.9510
                sd_TPR           0.2755    0.2091    0.2256    0.2187    0.2202    0.2134    0.2467    0.2181    0.1700    0.1211
                Avg L            6.2700    3.4750    2.3850    1.8150    1.3750    1.1400    1.0750    1.0450    1.0000    1.0000
                Avg T           12.1650   18.9450   20.4300   17.0750   15.3750   13.6050   17.5450   17.2250   20.3300   27.1450

TREX-DA: TAFS   FDR              0.0594    0.0552    0.0697    0.0908    0.0972    0.1272    0.1907    0.2375    0.2450    0.2969
                sd_FDR           0.1234    0.1054    0.1441    0.1345    0.1245    0.1556    0.1588    0.1385    0.1415    0.1338
                TPR              0.7800    0.8190    0.8100    0.8870    0.8460    0.8880    0.9010    0.9160    0.9490    0.9430
                sd_TPR           0.2355    0.1898    0.2138    0.1624    0.1801    0.1561    0.1838    0.1633    0.1002    0.1158
                Avg L            5.3450    2.9450    2.1500    1.5600    1.1350    1.0550    1.0450    1.0150    1.0000    1.0000
                Avg T            6.1200    6.6300    6.7850    6.4350    6.3050    6.7350    7.4300    7.8450    8.1700    8.5000

TREX-DA: TOMP   FDR              0.0696    0.0668    0.0733    0.0927    0.1017    0.1384    0.1818    0.1995    0.1921    0.2057
                sd_FDR           0.1234    0.1078    0.1212    0.1278    0.1263    0.1267    0.1409    0.1558    0.1485    0.1458
                TPR              0.8920    0.9160    0.9240    0.9410    0.9420    0.9490    0.9370    0.9350    0.9460    0.9550
                sd_TPR           0.2139    0.1786    0.1696    0.1457    0.1440    0.1169    0.1672    0.1417    0.1164    0.0906
                Avg L            4.8250    2.4850    2.1100    1.3250    1.0800    1.0350    1.0350    1.0250    1.0000    1.0000
                Avg T            6.6550    6.3750    7.5450    6.4400    7.2700    7.3250    7.6450    8.0550    8.1400    8.1550

==============================================================================

