
==============================================================================
  DA-TRex MC: da_ht_white_Q_s2_Heavy_Complete  (MC=200)
  HT+white Q sweep  n=150  p_total=500  M=5  s=5  rho=0.800000  SNR=2.000000  nu=3.000000  p_ar=M*Q varies  noise=s2_Heavy  linkage=Complete
==============================================================================

Solver          Metric      Q         5        10        15        20        25        30        35        40        45        50
---------------------------------------------------------------------------------------------------------------------------------
TREX-DA: TLARS  FDR              0.1314    0.1440    0.1441    0.1766    0.1507    0.1630    0.1844    0.1934    0.1857    0.2163
                sd_FDR           0.1671    0.1666    0.1527    0.1698    0.1720    0.1683    0.2076    0.2068    0.2068    0.1883
                TPR              0.7450    0.7670    0.7790    0.7880    0.7810    0.7650    0.7800    0.7520    0.7550    0.7490
                sd_TPR           0.2232    0.2101    0.2097    0.2099    0.2220    0.2145    0.2389    0.2506    0.2359    0.2251
                Avg L            1.8100    1.6950    1.6350    1.7050    1.6900    1.6800    1.6800    1.6650    1.7850    1.8750
                Avg T            9.0100   11.2700   10.8100   15.0950   14.5500   18.5850   19.1100   20.4600   18.7550   17.9950

TREX-DA: TAFS   FDR              0.1426    0.1467    0.1266    0.1440    0.1410    0.1447    0.1499    0.1452    0.1273    0.1598
                sd_FDR           0.1531    0.1513    0.1366    0.1504    0.1619    0.1497    0.1773    0.1620    0.1483    0.1554
                TPR              0.8520    0.8700    0.8670    0.8610    0.8690    0.8590    0.8780    0.8660    0.8890    0.8640
                sd_TPR           0.1796    0.1626    0.1808    0.1680    0.1929    0.1835    0.1889    0.1772    0.1588    0.1710
                Avg L            1.4550    1.4200    1.4250    1.3950    1.5250    1.4300    1.4250    1.4950    1.6650    1.7750
                Avg T            5.8500    6.6200    6.5550    6.5800    6.7950    6.5950    6.8100    7.1800    7.2150    7.0050

TREX-DA: TOMP   FDR              0.1612    0.1473    0.1271    0.1279    0.1389    0.1173    0.1321    0.1105    0.1008    0.1161
                sd_FDR           0.1678    0.1411    0.1334    0.1491    0.1482    0.1377    0.1510    0.1348    0.1423    0.1357
                TPR              0.9200    0.9350    0.9440    0.9360    0.9230    0.9310    0.9290    0.9470    0.9450    0.9380
                sd_TPR           0.1665    0.1251    0.1347    0.1524    0.1625    0.1412    0.1640    0.1352    0.1403    0.1193
                Avg L            1.1800    1.1700    1.1150    1.1550    1.2300    1.1850    1.3250    1.4050    1.6550    1.6900
                Avg T            6.9850    6.9350    7.0000    7.0350    7.5150    7.4500    7.6150    7.6250    7.4400    7.6800

==============================================================================

