
==============================================================================
  DA-TRex MC: da_ht_white_snr_s2_Heavy_Single  (MC=200)
  HT+white SNR sweep  n=150  p_total=500  M=5  Q=5  p_ar=25  s=5  rho=0.800000  nu=3.000000  noise=s2_Heavy  linkage=Single
==============================================================================

Solver          Metric    SNR      0.10      0.20      0.50      0.60         1         2         5
---------------------------------------------------------------------------------------------------
TREX-DA: TLARS  FDR              0.1125    0.1383    0.0957    0.1246    0.0680    0.0449    0.0367
                sd_FDR           0.3148    0.3300    0.2184    0.2508    0.1444    0.0975    0.0928
                TPR              0.0040    0.0390    0.2980    0.3510    0.5950    0.7720    0.8040
                sd_TPR           0.0281    0.0955    0.2560    0.2701    0.2817    0.2269    0.2112
                Avg L            1.9100    2.6500    3.0000    2.8900    2.4100    1.8150    1.5750
                Avg T           10.5650    7.5850    8.9150    7.7300   12.5000   15.5550   20.1800

TREX-DA: TAFS   FDR              0.1000    0.1562    0.1418    0.1730    0.1012    0.0811    0.0515
                sd_FDR           0.2965    0.3417    0.2399    0.2537    0.1490    0.1228    0.1023
                TPR              0.0080    0.0410    0.3440    0.4460    0.7400    0.8650    0.8080
                sd_TPR           0.0393    0.1048    0.2865    0.3039    0.2871    0.1770    0.1577
                Avg L            2.0650    2.6250    2.8550    2.7400    1.9450    1.5450    1.4550
                Avg T            5.8700    5.5550    5.3150    5.5050    6.2650    6.4850    6.7300

TREX-DA: TOMP   FDR              0.1367    0.1754    0.1903    0.1851    0.1211    0.0931    0.0779
                sd_FDR           0.3390    0.3587    0.2952    0.2674    0.1799    0.1213    0.1103
                TPR              0.0130    0.0520    0.3470    0.4340    0.7700    0.9370    0.9650
                sd_TPR           0.0533    0.1173    0.2943    0.3087    0.2791    0.1535    0.1124
                Avg L            2.2050    2.7850    3.0400    2.7050    1.7950    1.2800    1.2400
                Avg T            7.2350    7.0350    6.5400    6.4250    6.1950    6.2600    6.3850

==============================================================================

