
==============================================================================
  DA-TRex MC: da_ht_white_M_s1_Gauss_Single  (MC=200)
  HT+white M sweep  n=150  p_total=500  Q=5  rho=0.800000  SNR=2.000000  nu=3.000000  p_ar=M*Q and s=M vary  noise=s1_Gauss  linkage=Single
==============================================================================

Solver          Metric      M         1         3         5        10        15        20        30
---------------------------------------------------------------------------------------------------
TREX-DA: TLARS  FDR              0.0200    0.0124    0.0288    0.0960    0.1296    0.1759    0.1361
                sd_FDR           0.1103    0.0618    0.0785    0.1538    0.2044    0.2747    0.2619
                TPR              0.8050    0.8067    0.7630    0.3415    0.1637    0.0752    0.0337
                sd_TPR           0.3972    0.2464    0.2464    0.1978    0.1333    0.0855    0.0492
                Avg L            4.2650    2.1500    1.9450    2.5400    2.9550    3.0700    3.0600
                Avg T           27.2650   22.3900   21.3800    5.9950    5.3250    6.1500    5.1600

TREX-DA: TAFS   FDR              0.0050    0.0145    0.0539    0.1417    0.1382    0.1995    0.1318
                sd_FDR           0.0707    0.0735    0.1019    0.1749    0.2012    0.2978    0.2710
                TPR              0.0000    0.6467    0.8820    0.5150    0.1843    0.0700    0.0250
                sd_TPR           0.0000    0.2282    0.1750    0.2333    0.1505    0.0762    0.0381
                Avg L            1.0550    2.1100    1.6750    1.9900    2.6050    3.0000    3.0200
                Avg T            7.1550    7.4450    6.2800    6.5250    6.4500    5.5000    5.0550

TREX-DA: TOMP   FDR              0.0075    0.0200    0.0506    0.1365    0.1450    0.2107    0.1365
                sd_FDR           0.0609    0.0753    0.0989    0.1700    0.2186    0.3392    0.2972
                TPR              0.9950    0.9867    0.9420    0.5020    0.1480    0.0570    0.0198
                sd_TPR           0.0707    0.0735    0.1293    0.2718    0.1249    0.0620    0.0310
                Avg L            4.9200    2.1100    1.3950    1.7900    2.7350    3.0350    3.1550
                Avg T            7.5600    7.8150    6.4550    6.4500    6.5150    6.7350    6.6000

==============================================================================

