
==============================================================================
  DA-TRex MC: da_ht_white_rho_s2_Heavy_Average  (MC=200)
  HT+white rho sweep  n=150  p_total=500  M=5  Q=5  s=5  SNR=2.000000  nu=3.000000  noise=s2_Heavy  linkage=Average
==============================================================================

Solver          Metric    Rho         0      0.10      0.20      0.30      0.40      0.50      0.60      0.70      0.80      0.90
---------------------------------------------------------------------------------------------------------------------------------
TREX-DA: TLARS  FDR              0.1382    0.1075    0.1126    0.1120    0.1035    0.1216    0.1191    0.0973    0.0987    0.1282
                sd_FDR           0.1605    0.1303    0.1549    0.1565    0.1519    0.1290    0.1502    0.1381    0.1461    0.1763
                TPR              0.9090    0.9160    0.9120    0.9220    0.9060    0.9200    0.8680    0.8240    0.7830    0.6350
                sd_TPR           0.1868    0.1927    0.1971    0.1626    0.1858    0.1473    0.2029    0.1991    0.1993    0.2255
                Avg L            2.1350    2.0250    2.0000    1.9050    1.8300    1.7600    1.7700    1.6600    1.7600    1.8300
                Avg T           11.5550   12.6600   11.7950   11.0950   11.3050   11.6300    9.8650   11.1650    9.7050   11.1800

TREX-DA: TAFS   FDR              0.1251    0.1216    0.1081    0.1112    0.0961    0.1081    0.1172    0.1161    0.1205    0.2047
                sd_FDR           0.1348    0.1295    0.1420    0.1390    0.1237    0.1219    0.1444    0.1473    0.1412    0.1722
                TPR              0.9400    0.9490    0.9470    0.9680    0.9360    0.9600    0.9340    0.9060    0.8970    0.7650
                sd_TPR           0.1725    0.1771    0.1622    0.1306    0.1687    0.1080    0.1643    0.1688    0.1314    0.1853
                Avg L            1.8950    1.8850    1.8800    1.7550    1.6500    1.5550    1.4500    1.4500    1.5100    1.4350
                Avg T            6.2000    6.4050    6.6550    6.4550    6.2550    6.2350    6.1450    6.2400    6.6350    6.8500

TREX-DA: TOMP   FDR              0.1270    0.1104    0.1052    0.1062    0.0970    0.1187    0.1242    0.1235    0.1377    0.2069
                sd_FDR           0.1427    0.1236    0.1229    0.1255    0.1228    0.1274    0.1303    0.1428    0.1521    0.1708
                TPR              0.9590    0.9670    0.9590    0.9770    0.9640    0.9770    0.9570    0.9510    0.9390    0.8490
                sd_TPR           0.1544    0.1265    0.1422    0.1206    0.1386    0.0923    0.1577    0.1382    0.1287    0.1821
                Avg L            1.8200    1.8250    1.7800    1.5850    1.5500    1.3500    1.2950    1.2150    1.1200    1.1250
                Avg T            7.2750    7.3250    7.2500    7.1550    7.3100    6.9250    6.7750    6.5900    6.6750    7.1050

==============================================================================

