
==============================================================================
  DA-TRex MC: da_ht_white_tFDR_s1_Gauss_Single  (MC=200)
  HT+white tFDR sweep  n=150  p_total=500  M=5  Q=5  p_ar=25  s=5  rho=0.800000  SNR=2.000000  nu=3.000000  noise=s1_Gauss  linkage=Single
==============================================================================

Solver          Metric   tFDR      0.05      0.10      0.15      0.20      0.25      0.30      0.35      0.40      0.45      0.50
---------------------------------------------------------------------------------------------------------------------------------
TREX-DA: TLARS  FDR              0.0177    0.0194    0.0191    0.0203    0.0373    0.0453    0.0756    0.1483    0.2006    0.2795
                sd_FDR           0.0730    0.0910    0.0639    0.0690    0.0976    0.0926    0.1145    0.1401    0.1443    0.1448
                TPR              0.5910    0.7140    0.7140    0.7690    0.7910    0.7670    0.7950    0.8060    0.8870    0.9290
                sd_TPR           0.2795    0.2351    0.2368    0.2036    0.1926    0.2167    0.2097    0.2177    0.1766    0.1615
                Avg L            6.6250    3.5800    2.4300    1.8750    1.4050    1.1150    1.0700    1.0250    1.0000    1.0050
                Avg T           12.0000   20.0600   20.3200   15.5000   14.8650   14.9950   15.9150   16.5700   20.7450   27.2600

TREX-DA: TAFS   FDR              0.0518    0.0326    0.0438    0.0504    0.0639    0.0972    0.1222    0.1686    0.2053    0.2207
                sd_FDR           0.1162    0.0835    0.0991    0.1049    0.1120    0.1429    0.1338    0.1259    0.1378    0.1551
                TPR              0.7760    0.8220    0.8450    0.8860    0.8510    0.8720    0.9210    0.9320    0.9450    0.9370
                sd_TPR           0.2394    0.2091    0.1718    0.1585    0.1689    0.1783    0.1664    0.1479    0.1151    0.1412
                Avg L            5.5800    2.9750    2.1500    1.6400    1.1600    1.0550    1.0150    1.0250    1.0000    1.0000
                Avg T            6.4550    6.7450    6.8150    6.5600    6.8000    7.0200    7.1500    7.6500    8.1900    8.3050

TREX-DA: TOMP   FDR              0.0508    0.0428    0.0482    0.0482    0.0663    0.0916    0.1067    0.1299    0.1427    0.1507
                sd_FDR           0.1118    0.0985    0.0958    0.0952    0.1095    0.1407    0.1225    0.1309    0.1297    0.1444
                TPR              0.9120    0.9180    0.9350    0.9490    0.9430    0.9270    0.9530    0.9560    0.9600    0.9350
                sd_TPR           0.1685    0.1644    0.1445    0.1080    0.1336    0.1542    0.1252    0.1045    0.0897    0.1344
                Avg L            4.6700    2.5600    2.0350    1.3500    1.0650    1.0250    1.0250    1.0150    1.0050    1.0050
                Avg T            6.8950    6.6000    7.3700    5.9950    7.6050    7.4250    7.6000    7.7550    8.1750    8.1400

==============================================================================

