
==============================================================================
  DA-TRex MC: da_ht_white_tFDR_s2_Heavy_Complete  (MC=200)
  HT+white tFDR sweep  n=150  p_total=500  M=5  Q=5  p_ar=25  s=5  rho=0.800000  SNR=2.000000  nu=3.000000  noise=s2_Heavy  linkage=Complete
==============================================================================

Solver          Metric   tFDR      0.05      0.10      0.15      0.20      0.25      0.30      0.35      0.40      0.45      0.50
---------------------------------------------------------------------------------------------------------------------------------
TREX-DA: TLARS  FDR              0.0580    0.0643    0.1010    0.1266    0.1326    0.1872    0.2819    0.2954    0.3624    0.4437
                sd_FDR           0.1383    0.1259    0.1709    0.1620    0.1673    0.1654    0.1983    0.1886    0.1889    0.1698
                TPR              0.6350    0.7310    0.7470    0.7870    0.7680    0.8140    0.8040    0.8290    0.8900    0.8960
                sd_TPR           0.2693    0.2089    0.2107    0.2075    0.2191    0.1928    0.2372    0.2126    0.1757    0.1701
                Avg L            6.3600    3.3350    2.2950    1.6700    1.2950    1.0500    1.0550    1.0050    1.0050    1.0050
                Avg T           11.6200   12.7850   13.2750    9.3250   10.6950    7.0200   10.1750   13.2400   17.8000   21.6000

TREX-DA: TAFS   FDR              0.0727    0.0784    0.1212    0.1380    0.1427    0.2173    0.2879    0.3201    0.3351    0.3815
                sd_FDR           0.1354    0.1250    0.1728    0.1526    0.1578    0.1704    0.1745    0.1492    0.1499    0.1364
                TPR              0.7860    0.8290    0.8350    0.8820    0.8480    0.9070    0.8960    0.9140    0.9480    0.9460
                sd_TPR           0.2273    0.1999    0.1853    0.1656    0.1728    0.1387    0.1859    0.1647    0.1007    0.1055
                Avg L            5.2350    2.7150    2.1050    1.4350    1.1100    1.0250    1.0300    1.0050    1.0000    1.0000
                Avg T            6.1100    6.2950    6.4850    6.3050    5.9200    6.8100    7.7150    8.3800    8.8400    8.9950

TREX-DA: TOMP   FDR              0.0886    0.0913    0.1210    0.1376    0.1612    0.2106    0.2588    0.2662    0.2651    0.2951
                sd_FDR           0.1316    0.1234    0.1337    0.1503    0.1394    0.1431    0.1524    0.1591    0.1512    0.1564
                TPR              0.9050    0.9220    0.9310    0.9440    0.9470    0.9560    0.9370    0.9340    0.9500    0.9550
                sd_TPR           0.1880    0.1675    0.1661    0.1420    0.1382    0.0986    0.1636    0.1447    0.1017    0.0906
                Avg L            4.6050    2.3450    2.0900    1.1100    1.0300    1.0100    1.0450    1.0200    1.0000    1.0000
                Avg T            7.4600    7.1000    7.4450    6.7800    7.2500    7.5100    8.2150    8.2150    8.3650    8.4800

==============================================================================

