
======================================================================
=== Screen-TRex Results (averaged over 10 Monte Carlo runs) ===
======================================================================

Method                         Metric    SNR             0.01      0.10      0.20      0.50      0.60      1.00      2.00      5.00
-----------------------------------------------------------------------------------------------------------------------------------
Screen-TRex Ordinary           FDR                     0.5000    0.9579    0.9541    0.8876    0.8933    0.8551    0.8399    0.7930
                               TPR                     0.0000    0.0300    0.0700    0.3000    0.2900    0.5100    0.7100    0.9800
                               Est. FDR                0.2833    0.1277    0.0635    0.0401    0.0364    0.0279    0.0225    0.0211

Screen-TRex Bootstrap          FDR                     0.5000    0.8757    0.8686    0.8815    0.8903    0.8476    0.8296    0.7894
                               TPR                     0.0000    0.0200    0.0400    0.3000    0.2900    0.5100    0.7100    0.9800
                               Est. FDR                0.2867    0.1202    0.0614    0.0426    0.0373    0.0294    0.0242    0.0214

Screen-TRex Ord+DA-EQUI        FDR                     0.5000    0.9657    0.9474    0.8841    0.8922    0.8530    0.8279    0.7756
                               TPR                     0.0000    0.0200    0.0500    0.2600    0.2700    0.4700    0.7100    0.9800
                               Est. FDR                0.4000    0.3987    0.0851    0.0472    0.0394    0.0312    0.0243    0.0228

Screen-TRex Boot+DA-EQUI       FDR                     0.1000    0.2875    0.4923    0.4387    0.8914    0.6689    0.8185    0.6992
                               TPR                     0.0000    0.0100    0.0100    0.1300    0.2600    0.4000    0.7100    0.8800
                               Est. FDR                0.1000    0.0319    0.0306    0.0236    0.0401    0.0257    0.0257    0.0205

