
======================================================================
=== Screen-TRex Results (averaged over 10 Monte Carlo runs) ===
======================================================================

Method                         Metric    SNR             0.01      0.10      0.20      0.50      0.60      1.00      2.00      5.00
-----------------------------------------------------------------------------------------------------------------------------------
Screen-TRex Ordinary           FDR                     0.5000    0.7000    0.3150    0.1417    0.1236    0.1217    0.1353    0.0685
                               TPR                     0.0000    0.0000    0.1600    0.4300    0.4800    0.8600    1.0000    1.0000
                               Est. FDR                0.4000    0.5333    0.5450    0.2810    0.2626    0.1039    0.0865    0.0931

Screen-TRex Bootstrap          FDR                     0.3000    0.4500    0.2317    0.0850    0.0542    0.0367    0.1207    0.0776
                               TPR                     0.0000    0.0200    0.1200    0.2500    0.3300    0.1800    0.9000    1.0000
                               Est. FDR                0.2500    0.4500    0.4783    0.0943    0.1708    0.0183    0.0779    0.0922

Screen-TRex Ord+DA-AR1         FDR                     0.4000    0.5000    0.1850    0.1094    0.1083    0.0886    0.0655    0.0182
                               TPR                     0.0000    0.0000    0.1300    0.3300    0.4200    0.7400    0.9900    1.0000
                               Est. FDR                0.3500    0.4333    0.5950    0.2511    0.2867    0.1289    0.0946    0.0982

Screen-TRex Boot+DA-AR1        FDR                     0.2000    0.2000    0.0500    0.0000    0.0000    0.0000    0.0167    0.0273
                               TPR                     0.0000    0.0000    0.0200    0.0000    0.1200    0.0000    0.3000    0.7000
                               Est. FDR                0.2000    0.1500    0.1500    0.0000    0.1367    0.0000    0.0283    0.0673

