
======================================================================
=== Screen-TRex Results (averaged over 10 Monte Carlo runs) ===
======================================================================

Method                         Metric    rho             0.10      0.20      0.30      0.40      0.50      0.60      0.70      0.80      0.90
---------------------------------------------------------------------------------------------------------------------------------------------
Screen-TRex Ordinary           FDR                     0.2177    0.4058    0.5498    0.6960    0.6800    0.7812    0.8431    0.8638    0.9343
                               TPR                     0.9100    0.8700    0.8200    0.7800    0.7700    0.6800    0.4400    0.3700    0.1500
                               Est. FDR                0.0871    0.0688    0.0553    0.0394    0.0414    0.0328    0.0372    0.0367    0.0466

Screen-TRex Bootstrap          FDR                     0.0944    0.2380    0.1351    0.4091    0.6171    0.7703    0.7583    0.8669    0.7410
                               TPR                     0.3800    0.5200    0.2500    0.4900    0.7000    0.7000    0.3800    0.3600    0.1300
                               Est. FDR                0.0328    0.0416    0.0199    0.0236    0.0363    0.0335    0.0348    0.0369    0.0381

Screen-TRex Ord+DA-BLOCK       FDR                     0.0365    0.2331    0.4019    0.5447    0.6459    0.7315    0.8306    0.8586    0.9124
                               TPR                     0.6300    0.6500    0.6600    0.6200    0.6700    0.5900    0.3300    0.3100    0.1500
                               Est. FDR                0.1580    0.1256    0.0984    0.0873    0.0537    0.0466    0.0563    0.0471    0.0630

Screen-TRex Boot+DA-BLOCK      FDR                     0.0000    0.0000    0.0000    0.0000    0.0579    0.1386    0.0000    0.0885    0.1807
                               TPR                     0.0000    0.0000    0.0000    0.0000    0.0800    0.1500    0.0000    0.0300    0.0400
                               Est. FDR                0.0000    0.0000    0.0000    0.0000    0.0053    0.0081    0.0000    0.0038    0.0098

