
======================================================================
=== Screen-TRex Results (averaged over 10 Monte Carlo runs) ===
======================================================================

Method                         Metric    rho             0.10      0.20      0.30      0.40      0.50      0.60      0.70      0.80      0.90
---------------------------------------------------------------------------------------------------------------------------------------------
Screen-TRex Ordinary           FDR                     0.1226    0.0627    0.0722    0.0522    0.0991    0.1899    0.2187    0.3086    0.5297
                               TPR                     0.8400    0.7600    0.8600    0.8400    0.8400    0.8700    0.8300    0.7600    0.6200
                               Est. FDR                0.1057    0.1258    0.1103    0.1170    0.1162    0.0934    0.0990    0.0936    0.0782

Screen-TRex Bootstrap          FDR                     0.0664    0.0385    0.0361    0.0488    0.0378    0.0000    0.1036    0.1038    0.2524
                               TPR                     0.5200    0.4100    0.3500    0.3800    0.6300    0.1000    0.4200    0.3000    0.3500
                               Est. FDR                0.0618    0.0563    0.0419    0.0376    0.0742    0.0100    0.0501    0.0418    0.0361

Screen-TRex Ord+DA-AR1         FDR                     0.0704    0.0222    0.0422    0.0293    0.0350    0.0939    0.1261    0.2445    0.4175
                               TPR                     0.7500    0.7000    0.7600    0.7900    0.7700    0.7000    0.7500    0.6200    0.4800
                               Est. FDR                0.1258    0.1440    0.1294    0.1264    0.1291    0.1350    0.1219    0.1406    0.1243

Screen-TRex Boot+DA-AR1        FDR                     0.0243    0.0000    0.0000    0.0000    0.0000    0.0000    0.0167    0.0125    0.0000
                               TPR                     0.2400    0.2500    0.1000    0.0000    0.1900    0.0000    0.1800    0.0700    0.0000
                               Est. FDR                0.0354    0.0361    0.0100    0.0000    0.0211    0.0000    0.0208    0.0125    0.0000

