
==============================================================================
  T-Rex+GVS MC 2D Grid: Scattered-Grouped  (MC=200, tFDR=0.1, n=200, p=500)
==============================================================================

  mean_TPP [TENET]
  -----------------------------------------------------------------------
    snr \ rho       0.3       0.5       0.7       0.9      0.95      0.99
  -----------------------------------------------------------------------
          0.2    0.1355    0.4264    0.6536    0.7940    0.8279    0.8258
          0.5    0.6065    0.9002    0.9826    0.9971    0.9957    0.9956
            1    0.8755    0.9883    0.9994    1.0000    1.0000    1.0000
            2    0.9613    0.9985    1.0000    1.0000    1.0000    1.0000
            5    0.9879    0.9998    1.0000    1.0000    1.0000    1.0000



  mean_FDP [TENET]
  -----------------------------------------------------------------------
    snr \ rho       0.3       0.5       0.7       0.9      0.95      0.99
  -----------------------------------------------------------------------
          0.2    0.0370    0.0580    0.0656    0.0684    0.0708    0.0686
          0.5    0.0670    0.0794    0.0845    0.0748    0.0698    0.0635
            1    0.0802    0.0876    0.0724    0.0630    0.0598    0.0579
            2    0.0847    0.0796    0.0654    0.0571    0.0574    0.0592
            5    0.0880    0.0713    0.0633    0.0625    0.0616    0.0615



  mean_TPP [TENET_AUG]
  -----------------------------------------------------------------------
    snr \ rho       0.3       0.5       0.7       0.9      0.95      0.99
  -----------------------------------------------------------------------
          0.2    0.1355    0.4264    0.6536    0.7940    0.8279    0.8258
          0.5    0.6065    0.9002    0.9826    0.9971    0.9957    0.9956
            1    0.8755    0.9883    0.9994    1.0000    1.0000    1.0000
            2    0.9613    0.9985    1.0000    1.0000    1.0000    1.0000
            5    0.9879    0.9998    1.0000    1.0000    1.0000    1.0000



  mean_FDP [TENET_AUG]
  -----------------------------------------------------------------------
    snr \ rho       0.3       0.5       0.7       0.9      0.95      0.99
  -----------------------------------------------------------------------
          0.2    0.0370    0.0580    0.0656    0.0684    0.0708    0.0686
          0.5    0.0670    0.0794    0.0845    0.0748    0.0698    0.0635
            1    0.0802    0.0876    0.0724    0.0630    0.0598    0.0579
            2    0.0847    0.0796    0.0654    0.0571    0.0574    0.0592
            5    0.0880    0.0713    0.0633    0.0625    0.0616    0.0615



  mean_TPP [TIENET_AUG]
  -----------------------------------------------------------------------
    snr \ rho       0.3       0.5       0.7       0.9      0.95      0.99
  -----------------------------------------------------------------------
          0.2    0.0662    0.2036    0.3675    0.5242    0.5649    0.0119
          0.5    0.3196    0.6092    0.8242    0.9142    0.9208    0.0174
            1    0.5703    0.8641    0.9687    0.9902    0.9918    0.0195
            2    0.7594    0.9678    0.9959    0.9991    0.9989    0.0199
            5    0.8863    0.9942    0.9995    1.0000    1.0000    0.0200



  mean_FDP [TIENET_AUG]
  -----------------------------------------------------------------------
    snr \ rho       0.3       0.5       0.7       0.9      0.95      0.99
  -----------------------------------------------------------------------
          0.2    0.0211    0.0197    0.0130    0.0140    0.0167    0.0000
          0.5    0.0138    0.0077    0.0098    0.0225    0.0238    0.0000
            1    0.0088    0.0067    0.0174    0.0258    0.0220    0.0000
            2    0.0059    0.0118    0.0178    0.0182    0.0142    0.0000
            5    0.0056    0.0141    0.0165    0.0049    0.0049    0.0000
