
==============================================================================
  T-Rex+GVS MC 2D Grid: Neg-Traps  (MC=200, tFDR=0.1, n=200, p=500)
==============================================================================

  mean_TPP [EN]
  ------------------------------------------------------------
              rho=0.30rho=0.50rho=0.70rho=0.90rho=0.95rho=0.99
  snr=0.20      0.7880  0.9762  0.9995  1.0000  1.0000  1.0000
  snr=0.50      0.9950  1.0000  1.0000  1.0000  1.0000  1.0000
  snr=1.00      1.0000  1.0000  1.0000  1.0000  1.0000  1.0000
  snr=2.00      1.0000  1.0000  1.0000  1.0000  1.0000  1.0000
  snr=5.00      1.0000  1.0000  1.0000  1.0000  1.0000  1.0000


  mean_FDP [EN]
  ------------------------------------------------------------
              rho=0.30rho=0.50rho=0.70rho=0.90rho=0.95rho=0.99
  snr=0.20      0.0841  0.0889  0.0850  0.0735  0.0735  0.0858
  snr=0.50      0.0962  0.0849  0.0790  0.0765  0.0700  0.0888
  snr=1.00      0.0906  0.0857  0.0837  0.0795  0.0779  0.0940
  snr=2.00      0.0878  0.0855  0.0823  0.0796  0.0767  0.0958
  snr=5.00      0.0858  0.0867  0.0855  0.0821  0.0779  0.1008


  mean_TPP [EN+AUG]
  ------------------------------------------------------------
              rho=0.30rho=0.50rho=0.70rho=0.90rho=0.95rho=0.99
  snr=0.20      0.7892  0.9749  0.9995  1.0000  1.0000  1.0000
  snr=0.50      0.9947  1.0000  1.0000  1.0000  1.0000  1.0000
  snr=1.00      1.0000  1.0000  1.0000  1.0000  1.0000  1.0000
  snr=2.00      1.0000  1.0000  1.0000  1.0000  1.0000  1.0000
  snr=5.00      1.0000  1.0000  1.0000  1.0000  1.0000  1.0000


  mean_FDP [EN+AUG]
  ------------------------------------------------------------
              rho=0.30rho=0.50rho=0.70rho=0.90rho=0.95rho=0.99
  snr=0.20      0.0845  0.0897  0.0857  0.0731  0.0671  0.0859
  snr=0.50      0.0960  0.0846  0.0786  0.0744  0.0676  0.0914
  snr=1.00      0.0907  0.0797  0.0831  0.0776  0.0753  0.0919
  snr=2.00      0.0843  0.0805  0.0804  0.0766  0.0745  0.0983
  snr=5.00      0.0846  0.0845  0.0838  0.0790  0.0751  0.0990


  mean_TPP [IEN]
  ------------------------------------------------------------
              rho=0.30rho=0.50rho=0.70rho=0.90rho=0.95rho=0.99
  snr=0.20      0.4872  0.8256  0.9745  1.0000  1.0000  0.0293
  snr=0.50      0.8910  0.9960  1.0000  1.0000  1.0000  0.0375
  snr=1.00      0.9836  1.0000  1.0000  1.0000  1.0000  0.0467
  snr=2.00      0.9983  1.0000  1.0000  1.0000  1.0000  0.0591
  snr=5.00      0.9999  1.0000  1.0000  1.0000  1.0000  0.0830


  mean_FDP [IEN]
  ------------------------------------------------------------
              rho=0.30rho=0.50rho=0.70rho=0.90rho=0.95rho=0.99
  snr=0.20      0.0151  0.0122  0.0220  0.0303  0.0313  0.0081
  snr=0.50      0.0083  0.0173  0.0208  0.0204  0.0231  0.0143
  snr=1.00      0.0100  0.0132  0.0152  0.0128  0.0133  0.0147
  snr=2.00      0.0080  0.0071  0.0089  0.0064  0.0074  0.0173
  snr=5.00      0.0065  0.0035  0.0025  0.0011  0.0006  0.0202

