
======================================================================
=== Screen-TRex Results (averaged over 20 Monte Carlo runs) ===
======================================================================

Method                         Metric    SNR             0.01      0.10      0.20      0.50      0.60      1.00      2.00      5.00
-----------------------------------------------------------------------------------------------------------------------------------
TLARS (Ordinary)               FDR                     0.4750    0.4375    0.2917    0.1293    0.1511    0.0255    0.0855    0.0356
                               TPR                     0.0100    0.0500    0.1250    0.4250    0.5400    0.8000    0.9950    1.0000
                               Est. FDR                0.3792    0.5708    0.5250    0.2827    0.1694    0.1258    0.0919    0.0964

TAFS-0.3 (Ordinary)            FDR                     0.4750    0.4042    0.3333    0.1151    0.1071    0.0414    0.0786    0.0447
                               TPR                     0.0100    0.0600    0.1300    0.5250    0.5650    0.9350    1.0000    1.0000
                               Est. FDR                0.3833    0.5458    0.5208    0.1959    0.1716    0.1043    0.0921    0.0955

TOMP (Ordinary)                FDR                     0.5000    0.4250    0.3192    0.0996    0.0837    0.0409    0.0795    0.0568
                               TPR                     0.0050    0.0500    0.1300    0.4750    0.6300    0.9500    1.0000    1.0000
                               Est. FDR                0.4417    0.4833    0.4575    0.2142    0.1599    0.1017    0.0920    0.0943

TLARS (Bootstrap)              FDR                     0.4000    0.4200    0.0917    0.0183    0.0782    0.0000    0.0386    0.0524
                               TPR                     0.0050    0.0450    0.0700    0.1350    0.2950    0.3200    0.7500    0.9000
                               Est. FDR                0.3542    0.4850    0.2833    0.0642    0.0770    0.0386    0.0711    0.0848

TAFS-0.3 (Bootstrap)           FDR                     0.2500    0.2958    0.1083    0.0183    0.0498    0.0293    0.0470    0.0432
                               TPR                     0.0050    0.0400    0.0750    0.1800    0.1750    0.7200    0.6500    0.7500
                               Est. FDR                0.2417    0.3792    0.2625    0.0706    0.0451    0.0754    0.0603    0.0707

TOMP (Bootstrap)               FDR                     0.4500    0.3625    0.3267    0.1106    0.0750    0.0421    0.0938    0.0652
                               TPR                     0.0050    0.0500    0.1300    0.4000    0.6050    0.8900    1.0000    1.0000
                               Est. FDR                0.4250    0.4792    0.3975    0.1801    0.1519    0.0976    0.0906    0.0935

