
======================================================================
=== T-Rex SPCA Results (averaged over 200 MC trials) ===
======================================================================

Method                Metric   SNR(dB)     -10.0      -7.0      -5.0      -3.0       0.0       3.0       5.0       7.0      10.0
--------------------------------------------------------------------------------------------------------------------------------
OrdPCA                FDR                 0.9500    0.9500    0.9500    0.9500    0.9500    0.9500    0.9500    0.9500    0.9500
                      TPR                 1.0000    1.0000    1.0000    1.0000    1.0000    1.0000    1.0000    1.0000    1.0000
                      PEV                 0.2021    0.2620    0.3248    0.4045    0.5507    0.6976    0.7826    0.8490    0.9174

OraclePCA             FDR                 0.0060    0.0000    0.0000    0.0000    0.0000    0.0000    0.0000    0.0000    0.0000
                      TPR                 0.9940    1.0000    1.0000    1.0000    1.0000    1.0000    1.0000    1.0000    1.0000
                      PEV                 0.1241    0.1935    0.2630    0.3475    0.5047    0.6622    0.7499    0.8219    0.8925

TRexSPCA-EN-Act       FDR                 0.0994    0.0672    0.0561    0.0623    0.0713    0.0594    0.0766    0.0656    0.0689
                      TPR                 0.9950    1.0000    1.0000    1.0000    1.0000    1.0000    1.0000    1.0000    1.0000
                      PEV                 0.1180    0.1823    0.2496    0.3281    0.4689    0.6058    0.6727    0.7130    0.7442

TRexSPCA-ENaug-Act    FDR                 0.0939    0.0620    0.0563    0.0641    0.0699    0.0615    0.0791    0.0654    0.0736
                      TPR                 0.9950    1.0000    1.0000    1.0000    1.0000    1.0000    1.0000    1.0000    1.0000
                      PEV                 0.1174    0.1825    0.2493    0.3283    0.4684    0.6060    0.6726    0.7139    0.7456

TRexSPCA-EN-Thr       FDR                 0.1000    0.0723    0.0571    0.0634    0.0739    0.0600    0.0748    0.0673    0.0690
                      TPR                 0.9950    1.0000    1.0000    1.0000    1.0000    1.0000    1.0000    1.0000    1.0000
                      PEV                 0.1276    0.1945    0.2636    0.3463    0.4987    0.6526    0.7395    0.8104    0.8809

TRexSPCA-ENaug-Thr    FDR                 0.0886    0.0654    0.0610    0.0611    0.0754    0.0676    0.0729    0.0710    0.0754
                      TPR                 0.9960    1.0000    1.0000    1.0000    1.0000    1.0000    1.0000    1.0000    1.0000
                      PEV                 0.1278    0.1947    0.2630    0.3464    0.4988    0.6524    0.7401    0.8101    0.8803

