
==============================================================================
  T-Rex+GVS MC 2D Grid: Hastie  (MC=200, tFDR=0.1, n=200, p=500)
==============================================================================

  mean_TPP [EN]
  ------------------------------------------------------------
              rho=0.30rho=0.50rho=0.70rho=0.90rho=0.95rho=0.99
  snr=0.20      0.1726  0.4440  0.6696  0.7960  0.8080  0.7902
  snr=0.50      0.6335  0.9053  0.9779  0.9958  0.9968  0.9968
  snr=1.00      0.8788  0.9864  0.9987  1.0000  1.0000  1.0000
  snr=2.00      0.9604  0.9976  1.0000  1.0000  1.0000  1.0000
  snr=5.00      0.9868  0.9995  1.0000  1.0000  1.0000  1.0000


  mean_FDP [EN]
  ------------------------------------------------------------
              rho=0.30rho=0.50rho=0.70rho=0.90rho=0.95rho=0.99
  snr=0.20      0.0535  0.0604  0.0705  0.0728  0.0700  0.0706
  snr=0.50      0.0750  0.0862  0.0878  0.0778  0.0748  0.0657
  snr=1.00      0.0843  0.0899  0.0790  0.0700  0.0673  0.0610
  snr=2.00      0.0906  0.0839  0.0715  0.0650  0.0643  0.0579
  snr=5.00      0.0890  0.0774  0.0656  0.0616  0.0620  0.0605


  mean_TPP [EN+AUG]
  ------------------------------------------------------------
              rho=0.30rho=0.50rho=0.70rho=0.90rho=0.95rho=0.99
  snr=0.20      0.1716  0.4601  0.6915  0.8112  0.8303  0.8156
  snr=0.50      0.6598  0.9252  0.9849  0.9978  0.9987  0.9994
  snr=1.00      0.9063  0.9915  0.9995  1.0000  1.0000  1.0000
  snr=2.00      0.9740  0.9988  1.0000  1.0000  1.0000  1.0000
  snr=5.00      0.9919  0.9998  1.0000  1.0000  1.0000  1.0000


  mean_FDP [EN+AUG]
  ------------------------------------------------------------
              rho=0.30rho=0.50rho=0.70rho=0.90rho=0.95rho=0.99
  snr=0.20      0.0533  0.0605  0.0718  0.0744  0.0739  0.0688
  snr=0.50      0.0758  0.0877  0.0878  0.0785  0.0729  0.0667
  snr=1.00      0.0864  0.0907  0.0782  0.0653  0.0631  0.0571
  snr=2.00      0.0915  0.0830  0.0659  0.0610  0.0594  0.0566
  snr=5.00      0.0886  0.0720  0.0594  0.0587  0.0575  0.0564


  mean_TPP [IEN]
  ------------------------------------------------------------
              rho=0.30rho=0.50rho=0.70rho=0.90rho=0.95rho=0.99
  snr=0.20      0.0756  0.2155  0.3832  0.5283  0.5547  0.0118
  snr=0.50      0.3221  0.6119  0.8205  0.9134  0.9179  0.0174
  snr=1.00      0.5694  0.8635  0.9670  0.9894  0.9916  0.0194
  snr=2.00      0.7635  0.9632  0.9947  0.9987  0.9992  0.0198
  snr=5.00      0.8853  0.9912  0.9990  1.0000  1.0000  0.0199


  mean_FDP [IEN]
  ------------------------------------------------------------
              rho=0.30rho=0.50rho=0.70rho=0.90rho=0.95rho=0.99
  snr=0.20      0.0295  0.0190  0.0130  0.0143  0.0168  0.0000
  snr=0.50      0.0136  0.0074  0.0098  0.0190  0.0230  0.0000
  snr=1.00      0.0079  0.0069  0.0151  0.0233  0.0227  0.0000
  snr=2.00      0.0053  0.0090  0.0154  0.0151  0.0145  0.0000
  snr=5.00      0.0048  0.0111  0.0115  0.0052  0.0044  0.0000

