
==============================================================================
  DA-TRex MC: da_ar1_white_M_Average  (MC=200)
  AR(1)+white M sweep  n=300  p_total=1000  Q=5  rho=0.700000  SNR=2.000000  p_ar=M*Q and s=M vary  linkage=Average
==============================================================================

Solver          Metric      M         1         3         5        10        15        20        30
---------------------------------------------------------------------------------------------------
TREX-DA: TLARS  FDR              0.0175    0.0266    0.0306    0.0559    0.0511    0.0793    0.1110
                sd_FDR           0.0921    0.0872    0.0814    0.0873    0.0721    0.1032    0.1773
                TPR              0.9000    0.9183    0.9020    0.8375    0.6360    0.3558    0.1152
                sd_TPR           0.3008    0.1513    0.1345    0.1266    0.1503    0.1767    0.1018
                Avg L            8.9350    3.9850    2.4100    2.1550    3.0450    4.0900    5.0150
                Avg T           58.4500   22.8000    9.8300    8.7000    6.5200    6.9000    5.1250

TREX-DA: TAFS   FDR              0.0150    0.0217    0.0073    0.0368    0.0592    0.0643    0.0943
                sd_FDR           0.1219    0.0824    0.0398    0.0638    0.0649    0.0881    0.1683
                TPR              0.0000    0.6133    0.8510    0.9680    0.8880    0.4778    0.0897
                sd_TPR           0.0000    0.1270    0.0919    0.0608    0.1519    0.2218    0.0764
                Avg L            1.2350    4.0600    2.5000    1.4050    1.9500    3.4500    5.1300
                Avg T            6.5400    7.4150    7.1000    6.5750    6.4600    8.7700    6.2450

TREX-DA: TOMP   FDR              0.0100    0.0107    0.0106    0.0187    0.0548    0.0699    0.0922
                sd_FDR           0.0702    0.0537    0.0428    0.0439    0.0606    0.1032    0.2002
                TPR              1.0000    1.0000    0.9980    0.9870    0.9047    0.4392    0.0700
                sd_TPR           0.0000    0.0000    0.0199    0.0379    0.1491    0.2197    0.0673
                Avg L            9.8400    3.9400    2.0300    1.1250    1.9200    3.2600    4.9650
                Avg T            7.8700    7.7900    7.5000    6.6600    7.4600    8.5700    6.6100

==============================================================================

