
==============================================================================
  DA-TRex MC: da_ar1_white_snr_Single  (MC=200)
  AR(1)+white SNR sweep  n=300  p_total=1000  M=5  Q=5  p_ar=25  s=5  rho=0.700000  linkage=Single
==============================================================================

Solver          Metric    SNR      0.10      0.20      0.50      0.60         1         2         5
---------------------------------------------------------------------------------------------------
TREX-DA: TLARS  FDR              0.0000    0.0146    0.0124    0.0149    0.0165    0.0153    0.0155
                sd_FDR           0.0000    0.0936    0.0568    0.0679    0.0665    0.0700    0.0558
                TPR              0.0160    0.0950    0.6850    0.7820    0.9040    0.8880    0.8970
                sd_TPR           0.0645    0.1665    0.2117    0.1997    0.1374    0.1509    0.1403
                Avg L            2.1650    4.5600    4.1700    3.5750    2.6800    2.6300    2.5450
                Avg T            6.2500    4.4800   13.1300   14.3500   20.9650   18.2000   17.1350

TREX-DA: TAFS   FDR              0.0050    0.0243    0.0300    0.0319    0.0110    0.0033    0.0040
                sd_FDR           0.0707    0.1234    0.1033    0.0852    0.0438    0.0234    0.0281
                TPR              0.0110    0.1070    0.7810    0.8840    0.9410    0.8250    0.7280
                sd_TPR           0.0538    0.1858    0.2156    0.1596    0.1038    0.1267    0.1023
                Avg L            2.4200    4.8100    3.5800    2.9650    2.5700    2.6800    2.5300
                Avg T            4.9850    3.8300    5.6850    6.5400    7.1550    7.0950    7.0700

TREX-DA: TOMP   FDR              0.0050    0.0196    0.0293    0.0233    0.0077    0.0048    0.0093
                sd_FDR           0.0707    0.1167    0.0892    0.0715    0.0355    0.0308    0.0389
                TPR              0.0130    0.1050    0.8050    0.9190    0.9880    0.9840    0.9950
                sd_TPR           0.0533    0.1712    0.2173    0.1419    0.0623    0.0786    0.0422
                Avg L            2.4550    4.8900    3.3950    2.6350    2.2150    2.2250    2.2350
                Avg T            6.3650    5.1950    6.4800    6.7550    6.6700    6.5150    6.6250

==============================================================================

