
==============================================================================
  DA-TRex MC: da_ar1_white_rho_Average  (MC=200)
  AR(1)+white rho sweep  n=300  p_total=1000  M=5  Q=5  s=5  SNR=2.000000  linkage=Average
==============================================================================

Solver          Metric    Rho         0      0.10      0.20      0.30      0.40      0.50      0.60      0.70      0.80      0.90
---------------------------------------------------------------------------------------------------------------------------------
TREX-DA: TLARS  FDR              0.0852    0.0713    0.0625    0.0293    0.0335    0.0199    0.0218    0.0292    0.0335    0.0194
                sd_FDR           0.1215    0.1180    0.1075    0.0747    0.0796    0.0611    0.0613    0.0867    0.0914    0.0694
                TPR              0.9030    0.9240    0.9510    0.9790    0.9740    0.9780    0.9420    0.8910    0.8410    0.7070
                sd_TPR           0.1954    0.1660    0.1051    0.0677    0.0703    0.0688    0.1034    0.1312    0.1633    0.2063
                Avg L            2.9750    3.0350    2.8350    2.4950    2.2100    2.1900    2.3450    2.4250    2.4650    2.5550
                Avg T           16.3050   16.5750   16.5200   14.3500   12.7500   12.7400   11.2950   15.7200   13.2700   14.2300

TREX-DA: TAFS   FDR              0.0218    0.0267    0.0164    0.0138    0.0168    0.0189    0.0172    0.0100    0.0184    0.0439
                sd_FDR           0.0621    0.0690    0.0557    0.0472    0.0523    0.0586    0.0534    0.0417    0.0600    0.1059
                TPR              0.9590    0.9650    0.9900    0.9910    0.9700    0.9480    0.8940    0.8310    0.7990    0.7530
                sd_TPR           0.1751    0.1424    0.0481    0.0416    0.0716    0.0879    0.1059    0.0899    0.0680    0.0961
                Avg L            2.9700    3.0200    2.8250    2.5000    2.2850    2.3200    2.5550    2.4800    2.3600    2.3200
                Avg T            7.4150    7.3950    7.3600    7.2400    6.9900    7.0200    7.0500    7.2100    7.2450    7.2250

TREX-DA: TOMP   FDR              0.0130    0.0228    0.0118    0.0085    0.0167    0.0092    0.0067    0.0102    0.0162    0.0413
                sd_FDR           0.0459    0.0667    0.0464    0.0372    0.0501    0.0381    0.0327    0.0437    0.0552    0.0913
                TPR              0.9640    0.9710    0.9960    0.9990    0.9990    1.0000    1.0000    0.9980    0.9940    0.9670
                sd_TPR           0.1734    0.1395    0.0345    0.0141    0.0141    0.0000    0.0000    0.0199    0.0342    0.0821
                Avg L            2.9950    3.0200    2.8050    2.4700    2.1550    2.0250    2.0400    2.0200    2.0250    2.0350
                Avg T            7.6550    7.7550    7.7700    7.6900    7.4850    7.2100    7.0650    7.4850    7.6200    7.7000

==============================================================================

