
==============================================================================
  DA-TRex MC: da_ar1_white_rho_Single  (MC=200)
  AR(1)+white rho sweep  n=300  p_total=1000  M=5  Q=5  s=5  SNR=2.000000  linkage=Single
==============================================================================

Solver          Metric    Rho         0      0.10      0.20      0.30      0.40      0.50      0.60      0.70      0.80      0.90
---------------------------------------------------------------------------------------------------------------------------------
TREX-DA: TLARS  FDR              0.0529    0.0397    0.0333    0.0051    0.0148    0.0097    0.0106    0.0119    0.0099    0.0053
                sd_FDR           0.1245    0.0974    0.0969    0.0321    0.0646    0.0548    0.0514    0.0508    0.0480    0.0330
                TPR              0.6050    0.6210    0.7900    0.9700    0.9780    0.9620    0.9380    0.8980    0.8410    0.7030
                sd_TPR           0.2508    0.2499    0.1824    0.0770    0.0797    0.1068    0.1123    0.1299    0.1620    0.2131
                Avg L            3.1500    3.1000    2.8300    2.3300    2.3400    2.4400    2.5400    2.5750    2.6300    2.5800
                Avg T           24.9400   24.4800   25.3700   13.5150   13.5100   15.4100   15.7350   16.6750   19.3350   17.6050

TREX-DA: TAFS   FDR              0.0112    0.0116    0.0050    0.0027    0.0033    0.0042    0.0052    0.0047    0.0091    0.0406
                sd_FDR           0.0534    0.0556    0.0320    0.0217    0.0234    0.0261    0.0295    0.0293    0.0427    0.1032
                TPR              0.6250    0.6410    0.8150    0.9710    0.9680    0.9340    0.8860    0.8330    0.7940    0.7480
                sd_TPR           0.2528    0.2531    0.1724    0.0734    0.0813    0.1118    0.1143    0.0914    0.0800    0.1007
                Avg L            3.1100    3.1100    2.8350    2.3500    2.3950    2.5800    2.5950    2.6850    2.4750    2.4250
                Avg T            7.4050    7.2950    7.2800    6.5800    6.6550    7.0600    6.9150    7.1550    7.2400    7.2100

TREX-DA: TOMP   FDR              0.0071    0.0130    0.0078    0.0043    0.0042    0.0042    0.0042    0.0043    0.0110    0.0394
                sd_FDR           0.0478    0.0549    0.0391    0.0272    0.0261    0.0261    0.0261    0.0272    0.0438    0.0881
                TPR              0.6330    0.6500    0.8150    0.9790    0.9930    0.9880    0.9960    0.9960    0.9880    0.9620
                sd_TPR           0.2494    0.2542    0.1701    0.0647    0.0465    0.0684    0.0399    0.0345    0.0589    0.0927
                Avg L            3.1350    3.0800    2.8300    2.2750    2.2600    2.2450    2.2700    2.2400    2.2100    2.1500
                Avg T            7.7250    7.7650    7.7000    6.3300    6.5650    6.4950    6.7850    7.1000    7.0250    7.1150

==============================================================================

