
==============================================================================
  DA-TRex MC: da_ar1_white_M_Complete  (MC=200)
  AR(1)+white M sweep  n=300  p_total=1000  Q=5  rho=0.700000  SNR=2.000000  p_ar=M*Q and s=M vary  linkage=Complete
==============================================================================

Solver          Metric      M         1         3         5        10        15        20        30
---------------------------------------------------------------------------------------------------
TREX-DA: TLARS  FDR              0.0175    0.0267    0.0317    0.0597    0.0599    0.0906    0.1081
                sd_FDR           0.0921    0.0847    0.0863    0.0899    0.0762    0.0986    0.1569
                TPR              0.9050    0.9300    0.9030    0.8370    0.6313    0.3738    0.1208
                sd_TPR           0.2940    0.1441    0.1299    0.1301    0.1506    0.1673    0.1026
                Avg L            8.9850    4.0250    2.3950    2.1400    3.0750    4.2300    4.8150
                Avg T           59.0950   20.6050   11.2850   10.9450    6.8150    7.7500    5.2650

TREX-DA: TAFS   FDR              0.0800    0.0258    0.0080    0.0346    0.0587    0.0665    0.0963
                sd_FDR           0.2720    0.0917    0.0407    0.0628    0.0623    0.0861    0.1770
                TPR              0.0000    0.6200    0.8500    0.9650    0.9033    0.5105    0.0953
                sd_TPR           0.0000    0.1207    0.0935    0.0624    0.1264    0.2167    0.0799
                Avg L            1.5200    4.0550    2.4850    1.3950    1.9500    3.4100    4.9900
                Avg T            6.6650    7.4400    7.1600    6.5300    6.6600    9.1350    6.4700

TREX-DA: TOMP   FDR              0.0025    0.0170    0.0117    0.0191    0.0527    0.0618    0.0813
                sd_FDR           0.0354    0.0654    0.0426    0.0457    0.0592    0.1002    0.1946
                TPR              1.0000    1.0000    0.9980    0.9870    0.8953    0.4360    0.0678
                sd_TPR           0.0000    0.0000    0.0199    0.0379    0.1659    0.2182    0.0699
                Avg L            9.8900    3.9500    2.0250    1.1100    1.7600    3.4100    4.7350
                Avg T            7.9350    7.8500    7.3750    6.6350    6.6850    8.9400    6.0450

==============================================================================

