
==============================================================================
  T-Rex+GVS MC 2D Grid: ARMA-Blocks  (MC=200, tFDR=0.1, n=200, p=500)
==============================================================================

  mean_TPP [TENET]
  ----------------------------------------------------------------------
    snr \ ac       0.3       0.5       0.7       0.8       0.9      0.95
  ----------------------------------------------------------------------
         0.2    0.0005    0.0022    0.0961    0.4963    0.5499    0.5541
         0.5    0.0022    0.0248    0.3670    0.5516    0.5583    0.5682
           1    0.0124    0.1068    0.5071    0.5602    0.5675    0.5844
           2    0.0426    0.2380    0.5616    0.5683    0.5777    0.6009
           5    0.1066    0.3586    0.5881    0.5764    0.5865    0.6160



  mean_FDP [TENET]
  ----------------------------------------------------------------------
    snr \ ac       0.3       0.5       0.7       0.8       0.9      0.95
  ----------------------------------------------------------------------
         0.2    0.0000    0.0055    0.0335    0.0684    0.0730    0.0709
         0.5    0.0019    0.0155    0.0608    0.0716    0.0728    0.0709
           1    0.0129    0.0455    0.0641    0.0713    0.0756    0.0735
           2    0.0311    0.0503    0.0680    0.0702    0.0768    0.0778
           5    0.0475    0.0587    0.0717    0.0706    0.0773    0.0787



  mean_TPP [TENET_AUG]
  ----------------------------------------------------------------------
    snr \ ac       0.3       0.5       0.7       0.8       0.9      0.95
  ----------------------------------------------------------------------
         0.2    0.0005    0.0022    0.0961    0.4963    0.5499    0.5541
         0.5    0.0022    0.0248    0.3670    0.5516    0.5583    0.5682
           1    0.0124    0.1068    0.5071    0.5602    0.5675    0.5844
           2    0.0426    0.2380    0.5616    0.5683    0.5777    0.6009
           5    0.1066    0.3586    0.5881    0.5764    0.5865    0.6160



  mean_FDP [TENET_AUG]
  ----------------------------------------------------------------------
    snr \ ac       0.3       0.5       0.7       0.8       0.9      0.95
  ----------------------------------------------------------------------
         0.2    0.0000    0.0055    0.0335    0.0684    0.0730    0.0709
         0.5    0.0019    0.0155    0.0608    0.0716    0.0728    0.0709
           1    0.0129    0.0455    0.0641    0.0713    0.0756    0.0735
           2    0.0311    0.0503    0.0680    0.0702    0.0768    0.0778
           5    0.0475    0.0587    0.0717    0.0706    0.0773    0.0787



  mean_TPP [TIENET_AUG]
  ----------------------------------------------------------------------
    snr \ ac       0.3       0.5       0.7       0.8       0.9      0.95
  ----------------------------------------------------------------------
         0.2    0.0005    0.0019    0.0624    0.0860    0.0067    0.0067
         0.5    0.0020    0.0182    0.2517    0.1552    0.0067    0.0067
           1    0.0106    0.0689    0.3939    0.1915    0.0067    0.0067
           2    0.0327    0.1567    0.4687    0.2299    0.0067    0.0067
           5    0.0766    0.2503    0.5055    0.2605    0.0067    0.0067



  mean_FDP [TIENET_AUG]
  ----------------------------------------------------------------------
    snr \ ac       0.3       0.5       0.7       0.8       0.9      0.95
  ----------------------------------------------------------------------
         0.2    0.0017    0.0068    0.0173    0.0006    0.0000    0.0000
         0.5    0.0019    0.0099    0.0175    0.0006    0.0000    0.0000
           1    0.0163    0.0299    0.0119    0.0002    0.0000    0.0000
           2    0.0315    0.0297    0.0083    0.0000    0.0000    0.0000
           5    0.0347    0.0249    0.0046    0.0003    0.0000    0.0000
