
==============================================================================
  DA-TRex MC: da_ar1_blocks_snr_Single  (MC=200)
  AR(1)-block SNR sweep  n=150  M=5  Q=5  p=25  s=5  rho=0.700000
  linkage=Single
==============================================================================

  SNR                          0.10      0.20      0.50      0.60         1         2         5
-----------------------------------------------------------------------------------------------

TREX-DA+BT: TLARS
  FDR                        0.0246    0.0734    0.1004    0.1030    0.0849    0.0911    0.0770
  sd_FDR                     0.1402    0.2234    0.2038    0.1812    0.1638    0.1637    0.1477
  TPR                        0.0260    0.0950    0.4430    0.5490    0.7640    0.7650    0.7930
  sd_TPR                     0.0947    0.1964    0.3455    0.2960    0.2558    0.2625    0.2515
  Avg L                      1.6800    2.1300    2.2400    2.2750    1.9000    1.7350    1.7900
  Avg T                     11.1950   11.8250   22.0550   26.5500   27.8800   26.5500   28.1400

TREX-DA+BT: TAFS
  FDR                        0.0162    0.0727    0.0887    0.0811    0.0478    0.0550    0.1089
  sd_FDR                     0.1114    0.2194    0.1516    0.1487    0.1020    0.1014    0.1655
  TPR                        0.0260    0.1030    0.5680    0.6860    0.8590    0.8470    0.7180
  sd_TPR                     0.0968    0.2005    0.3493    0.3044    0.1973    0.1881    0.2017
  Avg L                      1.7450    2.1500    2.3700    2.3650    1.8800    1.7900    1.7150
  Avg T                      5.5750    5.2200    5.9900    6.6400    7.2350    7.5950    7.4300

TREX-DA+BT: TOMP
  FDR                        0.0195    0.0628    0.0938    0.0792    0.0389    0.0135    0.0097
  sd_FDR                     0.1294    0.2044    0.1622    0.1457    0.0890    0.0552    0.0434
  TPR                        0.0270    0.0990    0.6020    0.7450    0.9380    0.9660    0.9800
  sd_TPR                     0.0955    0.1923    0.3276    0.2807    0.1242    0.0964    0.0874
  Avg L                      1.7650    2.1950    2.4350    2.3350    1.9050    1.8600    1.8900
  Avg T                      6.3950    5.8500    6.6350    7.1000    7.5600    7.8300    7.8900

