
==============================================================================
  DA-TRex MC: da_ar1_blocks_rho_Average  (MC=200)
  AR(1)-block rho sweep  n=150  M=5  Q=5  p=25  s=5  SNR=2.000000
  linkage=Average
==============================================================================

Solver             Metric    Rho         0      0.10      0.20      0.30      0.40      0.50      0.60      0.70      0.80      0.90
------------------------------------------------------------------------------------------------------------------------------------
TREX-DA+BT: TLARS  FDR              0.0178    0.0244    0.0359    0.0399    0.0416    0.0435    0.0913    0.0745    0.1582    0.2594
                   sd_FDR           0.0579    0.0755    0.0986    0.0901    0.0868    0.0899    0.1559    0.1309    0.1859    0.2351
                   TPR              0.7450    0.7660    0.8040    0.8890    0.9180    0.9120    0.8720    0.8400    0.7310    0.6830
                   sd_TPR           0.2778    0.2757    0.2598    0.1834    0.1619    0.1574    0.2045    0.2093    0.2360    0.2530
                   Avg L            1.8650    1.8650    1.8700    1.8650    1.8250    1.8550    1.7950    1.7300    1.5600    1.4950
                   Avg T           25.7950   25.3250   21.1200   22.4000   22.7350   21.9350   24.1650   22.3400   22.5900   24.7050

TREX-DA+BT: TAFS   FDR              0.0187    0.0257    0.0348    0.0307    0.0428    0.0461    0.0583    0.0552    0.1090    0.1883
                   sd_FDR           0.0615    0.0768    0.0905    0.0760    0.0892    0.0877    0.1034    0.1012    0.1307    0.1769
                   TPR              0.7390    0.7640    0.8000    0.8720    0.9270    0.9280    0.9030    0.8740    0.8290    0.7560
                   sd_TPR           0.2816    0.2834    0.2712    0.1934    0.1516    0.1418    0.1604    0.1728    0.1694    0.1872
                   Avg L            1.8600    1.8400    1.8650    1.8350    1.8700    1.8800    1.7700    1.8250    1.7300    1.6400
                   Avg T            7.1400    7.0250    7.0150    7.0650    7.0450    7.1800    7.1350    7.3300    7.6500    7.7500

TREX-DA+BT: TOMP   FDR              0.0177    0.0209    0.0290    0.0260    0.0254    0.0283    0.0228    0.0330    0.0460    0.1200
                   sd_FDR           0.0628    0.0666    0.0773    0.0676    0.0666    0.0695    0.0601    0.0715    0.0948    0.1467
                   TPR              0.7550    0.7760    0.8340    0.9060    0.9670    0.9820    0.9900    0.9820    0.9620    0.8880
                   sd_TPR           0.2774    0.2649    0.2537    0.1826    0.1130    0.0608    0.0521    0.0640    0.0927    0.1468
                   Avg L            1.8600    1.8550    1.9000    1.8500    1.8750    1.8500    1.8700    1.8900    1.8800    1.9050
                   Avg T            7.4500    7.5350    7.5950    7.5200    7.5400    7.5750    7.6700    7.6400    7.8700    7.8750

==============================================================================

