
==============================================================================
  DA-TRex MC: da_ar1_blocks_Q_Single  (MC=200)
  AR(1)-block Q sweep  n=150  M=5  s=5  rho=0.700000  SNR=2.000000
  p=M*Q varies  linkage=Single
==============================================================================

Solver             Metric      Q         5        10        15        20        25        30        35        40        45        50
------------------------------------------------------------------------------------------------------------------------------------
TREX-DA+BT: TLARS  FDR              0.0791    0.0655    0.0590    0.0813    0.0562    0.0779    0.0624    0.0644    0.0771    0.0453
                   sd_FDR           0.1393    0.1290    0.1135    0.1402    0.1192    0.1486    0.1195    0.1274    0.1390    0.1071
                   TPR              0.7840    0.8100    0.7710    0.7410    0.7800    0.7660    0.7870    0.7680    0.7550    0.7420
                   sd_TPR           0.2298    0.2454    0.2874    0.3124    0.2892    0.3055    0.2906    0.3273    0.3004    0.3488
                   Avg L            1.7400    1.8500    1.8700    1.8150    1.8600    1.8800    1.9250    1.9650    1.8950    1.8400
                   Avg T           27.4100   26.8950   31.0100   28.7700   25.0100   26.2850   24.8200   26.8850   26.3150   25.2250

TREX-DA+BT: TAFS   FDR              0.0485    0.0583    0.0416    0.0601    0.0512    0.0462    0.0497    0.0469    0.0602    0.0337
                   sd_FDR           0.0927    0.1050    0.0889    0.1057    0.1026    0.0902    0.1017    0.0899    0.1057    0.0795
                   TPR              0.8590    0.8240    0.8400    0.8070    0.7960    0.8050    0.8070    0.8530    0.8350    0.8080
                   sd_TPR           0.1687    0.2572    0.2727    0.2943    0.3337    0.3122    0.2949    0.2723    0.2984    0.3213
                   Avg L            1.8300    1.8400    1.8800    1.8300    1.8250    1.8050    1.8350    1.9100    1.8050    1.7650
                   Avg T            7.7250    7.0950    7.5150    7.4550    7.3600    7.2350    7.3350    7.5350    7.3950    7.5250

TREX-DA+BT: TOMP   FDR              0.0248    0.0227    0.0183    0.0275    0.0355    0.0268    0.0342    0.0307    0.0373    0.0248
                   sd_FDR           0.0694    0.0628    0.0579    0.0707    0.0800    0.0677    0.0783    0.0744    0.0779    0.0651
                   TPR              0.9640    0.9460    0.9390    0.9200    0.9090    0.9160    0.8930    0.9180    0.9120    0.8730
                   sd_TPR           0.0868    0.1662    0.1840    0.2251    0.2311    0.2384    0.2567    0.2270    0.2420    0.3022
                   Avg L            1.9050    1.8450    1.8750    1.8000    1.8000    1.8300    1.8300    1.9300    1.7900    1.7800
                   Avg T            7.8900    7.6600    7.7300    7.7850    7.7300    7.6450    7.8050    7.8150    7.7600    7.6350

==============================================================================

