
==============================================================================
  DA-TRex MC: da_ar1_blocks_Q_Average  (MC=200)
  AR(1)-block Q sweep  n=150  M=5  s=5  rho=0.700000  SNR=2.000000
  p=M*Q varies  linkage=Average
==============================================================================

Solver             Metric      Q         5        10        15        20        25        30        35        40        45        50
------------------------------------------------------------------------------------------------------------------------------------
TREX-DA+BT: TLARS  FDR              0.0864    0.0902    0.0920    0.1006    0.0935    0.0800    0.0875    0.0812    0.0849    0.0585
                   sd_FDR           0.1298    0.1372    0.1373    0.1498    0.1392    0.1385    0.1287    0.1254    0.1272    0.1129
                   TPR              0.8390    0.8810    0.8460    0.8440    0.8580    0.8500    0.8860    0.8680    0.8510    0.8700
                   sd_TPR           0.1920    0.1903    0.2248    0.2104    0.2265    0.2510    0.2155    0.2299    0.2277    0.2248
                   Avg L            1.7650    1.8100    1.8650    1.8750    1.8800    1.8850    2.0000    1.9300    1.9450    1.9800
                   Avg T           23.0450   20.2650   22.7050   22.7000   20.2800   22.2900   19.4450   20.2150   21.3950   19.5100

TREX-DA+BT: TAFS   FDR              0.0694    0.0724    0.0641    0.0665    0.0666    0.0604    0.0646    0.0641    0.0636    0.0466
                   sd_FDR           0.1080    0.1122    0.1040    0.1088    0.1092    0.0952    0.1083    0.1000    0.0996    0.0882
                   TPR              0.8730    0.9170    0.8950    0.9030    0.8990    0.9190    0.9240    0.9440    0.9270    0.9060
                   sd_TPR           0.1581    0.1436    0.2205    0.1944    0.2286    0.1794    0.1811    0.1503    0.2007    0.2214
                   Avg L            1.7500    1.8850    1.8800    1.8200    1.8600    1.9000    1.8550    1.9200    1.8750    1.8950
                   Avg T            7.4000    7.2100    7.2700    7.2300    7.1850    7.2950    7.1600    7.4200    7.1650    7.5550

TREX-DA+BT: TOMP   FDR              0.0344    0.0385    0.0295    0.0312    0.0478    0.0284    0.0394    0.0361    0.0396    0.0343
                   sd_FDR           0.0763    0.0779    0.0711    0.0730    0.0852    0.0690    0.0775    0.0757    0.0780    0.0744
                   TPR              0.9770    0.9910    0.9910    0.9900    0.9890    0.9930    0.9780    0.9930    0.9830    0.9800
                   sd_TPR           0.0640    0.0416    0.0416    0.0481    0.0499    0.0419    0.1113    0.0368    0.1057    0.0897
                   Avg L            1.8800    1.8650    1.8850    1.8500    1.9100    1.8900    1.8600    1.8950    1.8250    1.8800
                   Avg T            7.8800    7.5550    7.7600    7.8700    7.6150    7.7100    7.7000    7.7900    7.8700    7.8500

==============================================================================

