
==============================================================================
  DA-TRex MC: da_ar1_blocks_M_Average  (MC=200)
  AR(1)-block M sweep  n=150  Q=5  rho=0.700000  SNR=2.000000
  p=M*Q and s=M vary  linkage=Average
==============================================================================

Solver             Metric      M         1         3         5        10        15        20        30
------------------------------------------------------------------------------------------------------
TREX-DA+BT: TLARS  FDR              0.0450    0.0740    0.1001    0.1176    0.1413    0.1614    0.1206
                   sd_FDR           0.1888    0.1467    0.1540    0.1093    0.1529    0.1771    0.1971
                   TPR              0.2750    0.6417    0.8070    0.7195    0.4413    0.2487    0.0742
                   sd_TPR           0.4476    0.4051    0.2116    0.1826    0.2481    0.1888    0.0979
                   Avg L            1.8950    2.0850    1.6900    1.6800    2.2400    2.5200    2.8200
                   Avg T            7.5350   17.9300   23.6650   22.4750   11.8350    8.4050    6.4650

TREX-DA+BT: TAFS   FDR              0.0750    0.1515    0.0737    0.0944    0.1342    0.1520    0.1096
                   sd_FDR           0.2641    0.2398    0.1134    0.0822    0.1436    0.1743    0.1960
                   TPR              0.0000    0.4017    0.8630    0.9085    0.5700    0.2565    0.0503
                   sd_TPR           0.0000    0.3104    0.1599    0.1069    0.2451    0.1631    0.0628
                   Avg L            1.1450    1.7700    1.7250    1.3850    2.2250    2.7450    2.7900
                   Avg T            5.1300    7.1250    7.2300    6.4400    6.2600    5.9150    5.1700

TREX-DA+BT: TOMP   FDR              0.0100    0.0150    0.0262    0.0917    0.1286    0.1637    0.0808
                   sd_FDR           0.0702    0.0646    0.0710    0.0895    0.1296    0.2284    0.2058
                   TPR              0.3150    0.8450    0.9780    0.9070    0.5150    0.1848    0.0393
                   sd_TPR           0.4657    0.3535    0.0745    0.1354    0.2574    0.1443    0.0585
                   Avg L            1.9600    2.3850    1.8200    1.2850    2.3100    2.7000    2.6800
                   Avg T            5.7250    7.6000    7.7400    6.6850    6.3900    6.1300    6.2200

==============================================================================

