
==============================================================================
  DA-TRex MC: da_ar1_blocks_M_Complete  (MC=200)
  AR(1)-block M sweep  n=150  Q=5  rho=0.700000  SNR=2.000000
  p=M*Q and s=M vary  linkage=Complete
==============================================================================

  M                               1         3         5        10        15        20        30
-----------------------------------------------------------------------------------------------

TREX-DA+BT: TLARS
  FDR                        0.0475    0.0806    0.1059    0.1235    0.1420    0.1754    0.1324
  sd_FDR                     0.1915    0.1565    0.1511    0.1167    0.1605    0.1718    0.2141
  TPR                        0.2850    0.6400    0.8210    0.7225    0.4510    0.2635    0.0703
  sd_TPR                     0.4525    0.4111    0.2058    0.1930    0.2552    0.1773    0.0944
  Avg L                      1.9150    2.0750    1.7350    1.6950    2.2950    2.6450    2.7400
  Avg T                      7.6850   18.8600   25.9250   21.0450   14.0950    9.5050    6.3800

TREX-DA+BT: TAFS
  FDR                        0.0800    0.1620    0.0684    0.0936    0.1294    0.1563    0.1030
  sd_FDR                     0.2720    0.2407    0.1053    0.0815    0.1365    0.1826    0.2233
  TPR                        0.0000    0.4100    0.8750    0.9155    0.5853    0.2450    0.0467
  sd_TPR                     0.0000    0.3130    0.1466    0.0941    0.2587    0.1797    0.0658
  Avg L                      1.1000    1.7900    1.7350    1.4000    2.1000    2.6350    2.7450
  Avg T                      5.1700    7.0350    7.4300    6.6650    6.1800    5.4000    4.9450

TREX-DA+BT: TOMP
  FDR                        0.0075    0.0167    0.0290    0.0940    0.1205    0.1456    0.1171
  sd_FDR                     0.0609    0.0636    0.0774    0.0933    0.1298    0.2082    0.2451
  TPR                        0.3150    0.8433    0.9830    0.9170    0.5203    0.1870    0.0348
  sd_TPR                     0.4657    0.3582    0.0594    0.1170    0.2546    0.1452    0.0475
  Avg L                      1.9500    2.3700    1.8300    1.4150    2.1350    2.7850    2.7500
  Avg T                      5.6000    7.4700    7.7200    7.1850    6.2850    6.1450    6.5200

