
==============================================================================
  DA-TRex MC: da_ar1_blocks_Q_Complete  (MC=200)
  AR(1)-block Q sweep  n=150  M=5  s=5  rho=0.700000  SNR=2.000000
  p=M*Q varies  linkage=Complete
==============================================================================

Solver             Metric      Q         5        10        15        20        25        30        35        40        45        50
------------------------------------------------------------------------------------------------------------------------------------
TREX-DA+BT: TLARS  FDR              0.0844    0.0962    0.0943    0.1003    0.0892    0.0795    0.0960    0.0915    0.0831    0.0608
                   sd_FDR           0.1255    0.1403    0.1350    0.1437    0.1349    0.1364    0.1417    0.1308    0.1279    0.1162
                   TPR              0.8450    0.8790    0.8570    0.8510    0.8670    0.8610    0.8870    0.8760    0.8620    0.8620
                   sd_TPR           0.1907    0.1792    0.2172    0.2055    0.2125    0.2441    0.1876    0.2011    0.2298    0.2418
                   Avg L            1.7450    1.8300    1.9150    1.9200    1.9450    1.9000    1.9600    1.9450    1.9100    1.9550
                   Avg T           23.3200   21.6150   24.6650   22.6150   22.9100   23.5150   19.9900   20.9600   22.5100   20.0800

TREX-DA+BT: TAFS   FDR              0.0677    0.0699    0.0592    0.0624    0.0623    0.0634    0.0711    0.0585    0.0647    0.0495
                   sd_FDR           0.1031    0.1081    0.0982    0.1027    0.1012    0.0986    0.1109    0.0980    0.1012    0.0917
                   TPR              0.8900    0.9160    0.8970    0.9180    0.9070    0.9200    0.9230    0.9350    0.9380    0.9150
                   sd_TPR           0.1385    0.1451    0.2196    0.1594    0.2111    0.2074    0.1812    0.1665    0.1874    0.2009
                   Avg L            1.7600    1.8200    1.9250    1.8600    1.8700    1.9100    1.8900    1.9450    1.9600    1.9550
                   Avg T            7.4200    7.0300    7.3050    7.2050    7.0600    7.3400    7.3000    7.4250    7.2400    7.5050

TREX-DA+BT: TOMP   FDR              0.0358    0.0353    0.0298    0.0331    0.0418    0.0318    0.0428    0.0318    0.0400    0.0350
                   sd_FDR           0.0791    0.0733    0.0707    0.0731    0.0832    0.0715    0.0804    0.0692    0.0803    0.0752
                   TPR              0.9790    0.9910    0.9920    0.9900    0.9870    0.9900    0.9860    0.9910    0.9950    0.9810
                   sd_TPR           0.0647    0.0461    0.0393    0.0481    0.0533    0.0521    0.0815    0.0416    0.0313    0.0888
                   Avg L            1.8850    1.8650    1.9050    1.8500    1.8700    1.8800    1.8450    1.9000    1.8550    1.8850
                   Avg T            7.8100    7.6850    7.7500    7.7900    7.6100    7.5500    7.6750    7.8250    7.7050    7.7800

==============================================================================

