
==============================================================================
  DA-TRex MC: da_ar1_blocks_M_Single  (MC=200)
  AR(1)-block M sweep  n=150  Q=5  rho=0.700000  SNR=2.000000
  p=M*Q and s=M vary  linkage=Single
==============================================================================

  M                               1         3         5        10        15        20        30
-----------------------------------------------------------------------------------------------

TREX-DA+BT: TLARS
  FDR                        0.0425    0.0608    0.0839    0.0845    0.1163    0.1386    0.1046
  sd_FDR                     0.1927    0.1400    0.1607    0.1100    0.1482    0.1686    0.1983
  TPR                        0.2650    0.5217    0.7550    0.6730    0.3977    0.2120    0.0552
  sd_TPR                     0.4424    0.4261    0.2451    0.1831    0.2252    0.1536    0.0816
  Avg L                      1.8750    1.9500    1.7050    1.7900    2.2150    2.8300    2.6400
  Avg T                      7.6350   21.4600   26.1550   21.6450   13.1050    8.9850    6.9600

TREX-DA+BT: TAFS
  FDR                        0.0750    0.1275    0.0462    0.0723    0.1260    0.1510    0.1254
  sd_FDR                     0.2641    0.2436    0.1003    0.0767    0.1243    0.1877    0.2407
  TPR                        0.0000    0.3000    0.8170    0.8925    0.5423    0.2338    0.0480
  sd_TPR                     0.0000    0.3135    0.1900    0.1152    0.2480    0.1609    0.0607
  Avg L                      1.1600    1.7150    1.7800    1.4700    2.0850    2.7200    2.7250
  Avg T                      5.1400    7.3650    7.4900    6.4600    6.1700    5.7450    4.8400

TREX-DA+BT: TOMP
  FDR                        0.0025    0.0092    0.0183    0.0760    0.1136    0.1608    0.1105
  sd_FDR                     0.0354    0.0601    0.0647    0.0942    0.1268    0.2231    0.2467
  TPR                        0.3100    0.7567    0.9650    0.8995    0.4930    0.1775    0.0323
  sd_TPR                     0.4637    0.4143    0.0950    0.1222    0.2454    0.1371    0.0489
  Avg L                      1.9250    2.2900    1.8250    1.3900    2.2600    2.7750    2.7600
  Avg T                      5.4750    7.6600    7.8000    6.9300    6.3050    6.3400    6.5800

