
==============================================================================
  DA-TRex MC: da_ar1_blocks_rho_Single  (MC=200)
  AR(1)-block rho sweep  n=150  M=5  Q=5  p=25  s=5  SNR=2.000000
  linkage=Single
==============================================================================

  Rho                             0      0.10      0.20      0.30      0.40      0.50      0.60      0.70      0.80      0.90
-----------------------------------------------------------------------------------------------------------------------------

TREX-DA+BT: TLARS
  FDR                        0.0042    0.0147    0.0263    0.0321    0.0301    0.0340    0.0615    0.0650    0.1342    0.2447
  sd_FDR                     0.0342    0.0758    0.0977    0.0915    0.0999    0.0905    0.1333    0.1400    0.2063    0.2976
  TPR                        0.4460    0.4200    0.5160    0.7560    0.8930    0.8720    0.8300    0.8000    0.6760    0.5760
  sd_TPR                     0.2762    0.2591    0.2838    0.2750    0.2186    0.2084    0.2336    0.2364    0.2657    0.2923
  Avg L                      1.8850    1.8600    1.9100    1.8600    1.8650    1.8450    1.7600    1.7400    1.6500    1.5000
  Avg T                     31.4400   31.6550   25.8550   25.2100   27.3100   27.5950   27.6400   28.8150   28.0100   27.8400

TREX-DA+BT: TAFS
  FDR                        0.0042    0.0156    0.0201    0.0273    0.0286    0.0352    0.0316    0.0485    0.0791    0.1531
  sd_FDR                     0.0342    0.0765    0.0767    0.0778    0.0816    0.0837    0.0811    0.1153    0.1230    0.1827
  TPR                        0.4470    0.4160    0.5070    0.7550    0.8930    0.9040    0.8760    0.8380    0.7740    0.7220
  sd_TPR                     0.2857    0.2547    0.2946    0.2701    0.1922    0.1565    0.1897    0.1874    0.1841    0.1791
  Avg L                      1.8700    1.8600    1.8450    1.8550    1.8450    1.8550    1.8200    1.7850    1.7100    1.7200
  Avg T                      7.4350    7.4500    7.3700    7.3300    7.2800    7.3200    7.4150    7.4900    7.4200    7.7300

TREX-DA+BT: TOMP
  FDR                        0.0029    0.0050    0.0124    0.0214    0.0138    0.0171    0.0107    0.0209    0.0444    0.1212
  sd_FDR                     0.0294    0.0431    0.0591    0.0673    0.0554    0.0548    0.0431    0.0600    0.0996    0.1474
  TPR                        0.4550    0.4300    0.5270    0.7860    0.9320    0.9630    0.9690    0.9730    0.9470    0.8790
  sd_TPR                     0.2946    0.2597    0.2794    0.2468    0.1753    0.1043    0.1100    0.0912    0.1107    0.1499
  Avg L                      1.8400    1.8300    1.8500    1.8250    1.8800    1.8550    1.8750    1.8650    1.8850    1.8950
  Avg T                      7.7700    7.6400    7.7350    7.4500    7.6600    7.5950    7.7600    7.6850    7.8600    7.9300

