
==============================================================================
  DA-TRex MC: da_ar1_blocks_snr_Average  (MC=200)
  AR(1)-block SNR sweep  n=150  M=5  Q=5  p=25  s=5  rho=0.700000
  linkage=Average
==============================================================================

Solver             Metric    SNR      0.10      0.20      0.50      0.60         1         2         5
------------------------------------------------------------------------------------------------------
TREX-DA+BT: TLARS  FDR              0.0170    0.0810    0.1336    0.1058    0.1060    0.1071    0.0939
                   sd_FDR           0.1035    0.2338    0.2072    0.1575    0.1620    0.1589    0.1402
                   TPR              0.0310    0.1100    0.5550    0.6000    0.8110    0.8310    0.8450
                   sd_TPR           0.1004    0.2091    0.3109    0.3034    0.2216    0.2142    0.1938
                   Avg L            1.7950    2.2850    2.3750    2.2550    1.9050    1.7250    1.7200
                   Avg T            8.7450    9.4400   20.3850   23.7000   24.8850   23.9950   24.8550

TREX-DA+BT: TAFS   FDR              0.0303    0.0824    0.1006    0.0882    0.0721    0.0749    0.1235
                   sd_FDR           0.1516    0.2264    0.1490    0.1438    0.1109    0.1123    0.1496
                   TPR              0.0370    0.1250    0.6310    0.7420    0.9170    0.8960    0.7630
                   sd_TPR           0.1136    0.2237    0.3190    0.2826    0.1570    0.1417    0.1714
                   Avg L            1.8000    2.2800    2.5450    2.3200    1.9550    1.7900    1.6600
                   Avg T            5.4150    4.8650    6.3800    6.5800    7.1650    7.2200    7.2950

TREX-DA+BT: TOMP   FDR              0.0295    0.0747    0.1089    0.0833    0.0463    0.0202    0.0197
                   sd_FDR           0.1543    0.2218    0.1724    0.1409    0.0921    0.0587    0.0594
                   TPR              0.0370    0.1020    0.6630    0.7890    0.9570    0.9890    0.9840
                   sd_TPR           0.1024    0.1838    0.2930    0.2391    0.1000    0.0457    0.0645
                   Avg L            1.8450    2.4450    2.5250    2.4400    1.9450    1.8850    1.8700
                   Avg T            6.3550    5.9050    6.7350    7.0150    7.5900    7.8000    7.7850

==============================================================================

