
======================================================================
=== Screen-TRex Results (averaged over 20 Monte Carlo runs) ===
======================================================================

Method                         Metric    SNR             0.01      0.10      0.20      0.50      0.60      1.00      2.00      5.00
-----------------------------------------------------------------------------------------------------------------------------------
TLARS (Ordinary)               FDR                     0.4750    0.4450    0.2417    0.1124    0.1347    0.0347    0.0875    0.0408
                               TPR                     0.0100    0.0600    0.1200    0.4600    0.5350    0.8000    0.9950    1.0000
                               Est. FDR                0.4042    0.6433    0.4125    0.2182    0.1751    0.1244    0.0918    0.0959

TAFS-0.3 (Ordinary)            FDR                     0.5500    0.4792    0.2667    0.1028    0.1033    0.0384    0.0714    0.0561
                               TPR                     0.0050    0.0600    0.1300    0.5250    0.6200    0.9300    1.0000    1.0000
                               Est. FDR                0.5083    0.5708    0.4375    0.2087    0.1543    0.1053    0.0929    0.0944

TOMP (Ordinary)                FDR                     0.4500    0.4167    0.3083    0.0756    0.1003    0.0283    0.0750    0.0689
                               TPR                     0.0050    0.0500    0.1250    0.4700    0.6500    0.9400    1.0000    1.0000
                               Est. FDR                0.4167    0.5917    0.5292    0.2331    0.1499    0.1045    0.0925    0.0931

