
======================================================================
=== Screen-TRex Results (averaged over 200 Monte Carlo runs) ===
======================================================================

  rho                          0.10      0.20      0.30      0.40      0.50      0.60      0.70      0.80      0.90
-------------------------------------------------------------------------------------------------------------------

Screen-TRex Ordinary: TLARS
  FDR                        0.2072    0.4124    0.5559    0.6636    0.7215    0.7698    0.8197    0.8673    0.9289
  TPR                        0.8740    0.8765    0.8490    0.7920    0.7295    0.6195    0.5025    0.3445    0.1525
  Est. FDR                   0.0922    0.0678    0.0526    0.0427    0.0383    0.0375    0.0361    0.0387    0.0482

Screen-TRex Bootstrap-CI: TLARS
  FDR                        0.0789    0.1691    0.3208    0.4262    0.5026    0.5898    0.6510    0.7499    0.7894
  TPR                        0.3920    0.3650    0.4955    0.5370    0.5195    0.4940    0.3980    0.2950    0.1295
  Est. FDR                   0.0389    0.0265    0.0288    0.0279    0.0267    0.0282    0.0290    0.0339    0.0410

Screen-TRex Ordinary+DA-BLOCK-EQUI: TLARS
  FDR                        0.0450    0.1842    0.3921    0.5527    0.6425    0.7275    0.8007    0.8567    0.9259
  TPR                        0.6095    0.6595    0.6625    0.6360    0.6115    0.5215    0.4125    0.2825    0.1235
  Est. FDR                   0.1781    0.1348    0.0973    0.0766    0.0607    0.0546    0.0493    0.0517    0.0625

Screen-TRex Bootstrap-CI+DA-BLOCK-EQUI: TLARS
  FDR                        0.0023    0.0019    0.0000    0.0081    0.0215    0.0425    0.0588    0.0737    0.1101
  TPR                        0.0160    0.0040    0.0000    0.0130    0.0280    0.0395    0.0365    0.0270    0.0190
  Est. FDR                   0.0023    0.0004    0.0000    0.0008    0.0018    0.0027    0.0034    0.0035    0.0064

