
======================================================================
=== Screen-TRex Results (averaged over 200 Monte Carlo runs) ===
======================================================================

  rho                          0.10      0.20      0.30      0.40      0.50      0.60      0.70      0.80      0.90
-------------------------------------------------------------------------------------------------------------------

Screen-TRex Ordinary: TLARS
  FDR                        0.6546    0.7814    0.8195    0.8509    0.8789    0.9063    0.9283    0.9405    0.9583
  TPR                        0.8990    0.7860    0.6400    0.5110    0.3875    0.2680    0.1765    0.1165    0.0595
  Est. FDR                   0.0384    0.0278    0.0280    0.0293    0.0313    0.0348    0.0413    0.0512    0.0736

Screen-TRex Bootstrap-CI: TLARS
  FDR                        0.5280    0.7396    0.8045    0.8442    0.8774    0.9057    0.9229    0.9399    0.9474
  TPR                        0.7360    0.7435    0.6250    0.4990    0.3795    0.2580    0.1695    0.1125    0.0580
  Est. FDR                   0.0310    0.0269    0.0283    0.0303    0.0326    0.0365    0.0432    0.0538    0.0758

Screen-TRex Ordinary+DA-EQUI: TLARS
  FDR                        0.5275    0.7462    0.8013    0.8405    0.8742    0.9041    0.9279    0.9384    0.9586
  TPR                        0.8160    0.7495    0.6120    0.4855    0.3685    0.2550    0.1665    0.1155    0.0560
  Est. FDR                   0.0586    0.0341    0.0323    0.0330    0.0343    0.0375    0.0442    0.0538    0.0775

Screen-TRex Bootstrap-CI+DA-EQUI: TLARS
  FDR                        0.0081    0.2336    0.4743    0.6460    0.7541    0.8570    0.8949    0.9243    0.9432
  TPR                        0.0130    0.2435    0.3680    0.3800    0.3235    0.2415    0.1580    0.1105    0.0555
  Est. FDR                   0.0008    0.0097    0.0184    0.0252    0.0298    0.0365    0.0437    0.0543    0.0772

