
======================================================================
=== Screen-TRex Results (averaged over 200 Monte Carlo runs) ===
======================================================================

  SNR                          0.01      0.10      0.20      0.50      0.60      1.00      2.00      5.00
---------------------------------------------------------------------------------------------------------

Screen-TRex Ordinary: TLARS
  FDR                        0.4483    0.4180    0.2948    0.1687    0.1441    0.1245    0.1019    0.0989
  TPR                        0.0020    0.0405    0.1085    0.4460    0.5185    0.8235    0.9905    1.0000
  Est. FDR                   0.3679    0.4736    0.5193    0.2061    0.1814    0.1086    0.0908    0.0901

Screen-TRex Bootstrap-CI: TLARS
  FDR                        0.3283    0.3129    0.1713    0.0740    0.0578    0.0385    0.0659    0.0866
  TPR                        0.0020    0.0295    0.0720    0.1825    0.2080    0.3360    0.6880    0.8850
  Est. FDR                   0.2631    0.3713    0.3328    0.0810    0.0715    0.0430    0.0626    0.0798

Screen-TRex Ordinary+DA-AR1: TLARS
  FDR                        0.3325    0.3392    0.2022    0.1294    0.0880    0.0718    0.0368    0.0464
  TPR                        0.0015    0.0315    0.0845    0.3855    0.4515    0.7675    0.9765    1.0000
  Est. FDR                   0.3000    0.4604    0.4968    0.2673    0.2341    0.1250    0.0989    0.0954

Screen-TRex Bootstrap-CI+DA-AR1: TLARS
  FDR                        0.1983    0.1867    0.0966    0.0193    0.0127    0.0083    0.0146    0.0214
  TPR                        0.0005    0.0185    0.0430    0.0740    0.0895    0.1335    0.3835    0.5100
  Est. FDR                   0.1750    0.2883    0.2681    0.0520    0.0383    0.0174    0.0372    0.0489

