
======================================================================
=== Screen-TRex Results (averaged over 200 Monte Carlo runs) ===
======================================================================

  SNR                          0.01      0.10      0.20      0.50      0.60      1.00      2.00      5.00
---------------------------------------------------------------------------------------------------------

Screen-TRex Ordinary: TLARS
  FDR                        0.5228    0.9615    0.9365    0.8888    0.8825    0.8521    0.8219    0.8037
  TPR                        0.0020    0.0360    0.0975    0.2730    0.3260    0.5230    0.7865    0.9880
  Est. FDR                   0.3239    0.1170    0.0690    0.0406    0.0363    0.0282    0.0226    0.0199

Screen-TRex Bootstrap-CI: TLARS
  FDR                        0.5140    0.9422    0.9154    0.8757    0.8665    0.8410    0.8130    0.7995
  TPR                        0.0015    0.0340    0.0955    0.2680    0.3140    0.5070    0.7765    0.9865
  Est. FDR                   0.3233    0.1197    0.0702    0.0423    0.0377    0.0291    0.0233    0.0203

Screen-TRex Ordinary+DA-EQUI: TLARS
  FDR                        0.2850    0.9453    0.9318    0.8798    0.8757    0.8440    0.8090    0.7886
  TPR                        0.0000    0.0220    0.0790    0.2515    0.3015    0.4905    0.7745    0.9860
  Est. FDR                   0.2467    0.2209    0.0946    0.0478    0.0418    0.0318    0.0246    0.0214

Screen-TRex Bootstrap-CI+DA-EQUI: TLARS
  FDR                        0.1750    0.2715    0.4576    0.5999    0.7149    0.7079    0.6747    0.6690
  TPR                        0.0005    0.0080    0.0430    0.1685    0.2490    0.4220    0.6460    0.8390
  Est. FDR                   0.1529    0.0387    0.0385    0.0323    0.0331    0.0262    0.0207    0.0183

