
======================================================================
=== Screen-TRex Results (averaged over 200 Monte Carlo runs) ===
======================================================================

  rho                          0.10      0.20      0.30      0.40      0.50      0.60      0.70      0.80      0.90
-------------------------------------------------------------------------------------------------------------------

Screen-TRex Ordinary: TLARS
  FDR                        0.0684    0.0787    0.0867    0.0987    0.1035    0.1686    0.2227    0.3150    0.5127
  TPR                        0.8115    0.8180    0.8095    0.8230    0.8110    0.8095    0.8045    0.7645    0.6435
  Est. FDR                   0.1186    0.1151    0.1161    0.1124    0.1133    0.1056    0.0986    0.0919    0.0766

Screen-TRex Bootstrap-CI: TLARS
  FDR                        0.0291    0.0267    0.0352    0.0410    0.0336    0.0606    0.0812    0.1349    0.2081
  TPR                        0.3815    0.3420    0.3785    0.3845    0.3035    0.3300    0.3275    0.3630    0.3100
  Est. FDR                   0.0497    0.0449    0.0468    0.0493    0.0397    0.0386    0.0361    0.0399    0.0321

Screen-TRex Ordinary+DA-AR1: TLARS
  FDR                        0.0462    0.0445    0.0517    0.0593    0.0519    0.0940    0.1397    0.2081    0.4217
  TPR                        0.7430    0.7630    0.7535    0.7630    0.7370    0.7415    0.6925    0.6605    0.5080
  Est. FDR                   0.1335    0.1301    0.1312    0.1277    0.1346    0.1272    0.1293    0.1247    0.1196

Screen-TRex Bootstrap-CI+DA-AR1: TLARS
  FDR                        0.0048    0.0080    0.0090    0.0094    0.0049    0.0068    0.0069    0.0089    0.0011
  TPR                        0.1430    0.1895    0.1440    0.1600    0.1275    0.0505    0.0515    0.0340    0.0035
  Est. FDR                   0.0187    0.0267    0.0197    0.0232    0.0199    0.0080    0.0063    0.0049    0.0006

