
==============================================================================
  DA-TRex MC: da_ar1_rho_random  (MC=200)
  AR(1) SNR=2.000000, n=300, p=1000, support=Random (redrawn per trial)
==============================================================================

Solver          Metric    Rho         0      0.10      0.20      0.30      0.40      0.50      0.60      0.70      0.80      0.90
---------------------------------------------------------------------------------------------------------------------------------
TREX-DA: TLARS  FDR              0.0929    0.0885    0.0723    0.0704    0.0697    0.0575    0.0529    0.0453    0.0382    0.1268
                sd_FDR           0.0832    0.0816    0.0714    0.0747    0.0797    0.0810    0.0792    0.0782    0.0851    0.2684
                TPR              0.9665    0.9680    0.9385    0.9120    0.8850    0.8455    0.7725    0.6280    0.4690    0.1850
                sd_TPR           0.0797    0.0707    0.1119    0.1145    0.1473    0.1513    0.1905    0.2082    0.1858    0.1403
                Avg L            1.0000    1.0050    1.0000    1.0100    1.0150    1.0200    1.0650    1.0850    1.2600    1.3300
                Avg T            5.0300    5.6800    4.8600    4.8300    4.9000    4.6400    4.7500    5.0450   10.4600   43.4550

TREX: TLARS     FDR              0.1424    0.1384    0.1394    0.1415    0.1675    0.1844    0.2302    0.3070    0.3913    0.5584
                sd_FDR           0.0918    0.0917    0.0954    0.0891    0.1084    0.1099    0.1178    0.1139    0.1210    0.1074
                TPR              0.9980    0.9975    0.9975    0.9990    0.9990    0.9985    0.9970    0.9965    0.9915    0.9375
                sd_TPR           0.0140    0.0157    0.0157    0.0100    0.0100    0.0122    0.0198    0.0184    0.0297    0.0766
                Avg L            1.0000    1.0050    1.0000    1.0000    1.0000    1.0000    1.0000    1.0000    1.0000    1.0000
                Avg T            5.4800    5.7800    5.5200    5.6150    5.5450    5.6600    5.6350    6.2650    7.7500   13.3650

==============================================================================

