
==============================================================================
  DA-TRex MC: da_ar1_blocks_plus_white_rho_Average  (MC=200)
  AR(1)+white rho sweep  n=300  p_total=1000  M=5  Q=5  s=5  SNR=2
  linkage=Average
==============================================================================

  Rho                             0      0.10      0.20      0.30      0.40      0.50      0.60      0.70      0.80      0.90
-----------------------------------------------------------------------------------------------------------------------------

TREX-DA+BT: TLARS
  FDR                        0.0222    0.0216    0.0112    0.0102    0.0143    0.0163    0.0188    0.0138    0.0162    0.0127
  sd_FDR                     0.0629    0.0600    0.0457    0.0404    0.0492    0.0614    0.0575    0.0516    0.0538    0.0571
  TPR                        0.9670    0.9730    0.9960    0.9950    0.9910    0.9830    0.9510    0.9050    0.8540    0.7140
  sd_TPR                     0.1722    0.1370    0.0345    0.0313    0.0416    0.0627    0.0930    0.1202    0.1536    0.2069
  Avg L                      2.9850    3.0050    2.8150    2.4900    2.2400    2.2250    2.3150    2.4400    2.4600    2.5350
  Avg T                     16.9750   19.0950   15.9300   15.7250   13.4450   11.1550   10.8200   18.4300   14.9950   13.7950

TREX-DA+BT: TAFS
  FDR                        0.0150    0.0152    0.0075    0.0108    0.0161    0.0177    0.0154    0.0111    0.0146    0.0288
  sd_FDR                     0.0478    0.0509    0.0346    0.0412    0.0520    0.0559    0.0515    0.0444    0.0517    0.0884
  TPR                        0.9670    0.9720    0.9970    0.9910    0.9760    0.9480    0.8940    0.8350    0.7970    0.7180
  sd_TPR                     0.1722    0.1375    0.0316    0.0416    0.0652    0.0879    0.1078    0.0950    0.0708    0.1287
  Avg L                      2.9850    3.0200    2.8550    2.4900    2.3050    2.3150    2.5100    2.5750    2.4350    2.5100
  Avg T                      7.4450    7.4300    7.2850    7.2750    7.1550    7.1050    7.0550    7.3150    7.2800    7.2700

TREX-DA+BT: TOMP
  FDR                        0.0092    0.0192    0.0139    0.0058    0.0158    0.0073    0.0075    0.0077    0.0135    0.0277
  sd_FDR                     0.0381    0.0533    0.0481    0.0307    0.0490    0.0365    0.0346    0.0355    0.0514    0.0778
  TPR                        0.9680    0.9740    0.9980    1.0000    0.9990    1.0000    1.0000    0.9980    0.9920    0.9360
  sd_TPR                     0.1718    0.1364    0.0283    0.0000    0.0141    0.0000    0.0000    0.0199    0.0393    0.1148
  Avg L                      2.9850    3.0600    2.8150    2.4550    2.1600    2.0400    2.0100    2.0100    2.0400    2.2200
  Avg T                      7.7400    7.7150    7.6900    7.6500    7.3950    7.2000    6.9150    7.5400    7.5700    7.6150

