
==============================================================================
  DA-TRex MC: da_ar1_blocks_plus_white_snr_Single  (MC=200)
  AR(1)+white SNR sweep  n=300  p_total=1000  M=5  Q=5  p_ar=25  s=5  rho=0.7
  linkage=Single
==============================================================================

  SNR                          0.10      0.20      0.50      0.60         1         2         5
-----------------------------------------------------------------------------------------------

TREX-DA+BT: TLARS
  FDR                        0.0000    0.0179    0.0106    0.0089    0.0066    0.0057    0.0045
  sd_FDR                     0.0000    0.1030    0.0589    0.0543    0.0351    0.0324    0.0329
  TPR                        0.0130    0.0890    0.6690    0.7900    0.9120    0.9010    0.9040
  sd_TPR                     0.0604    0.1575    0.2317    0.2062    0.1278    0.1432    0.1389
  Avg L                      2.1750    4.7350    4.1150    3.5400    2.7050    2.6400    2.5550
  Avg T                      6.1000    4.7550   12.7150   17.6800   21.2400   20.3850   22.4600

TREX-DA+BT: TAFS
  FDR                        0.0000    0.0167    0.0190    0.0208    0.0118    0.0028    0.0030
  sd_FDR                     0.0000    0.0985    0.0754    0.0671    0.0452    0.0231    0.0244
  TPR                        0.0170    0.1080    0.7650    0.8730    0.9340    0.8280    0.7250
  sd_TPR                     0.0658    0.1723    0.2237    0.1715    0.1082    0.1269    0.1031
  Avg L                      2.2950    4.6700    3.6750    3.1500    2.5800    2.7200    2.5600
  Avg T                      5.1450    4.1100    5.7600    6.4950    7.2600    7.1050    7.0100

TREX-DA+BT: TOMP
  FDR                        0.0000    0.0154    0.0129    0.0146    0.0062    0.0042    0.0052
  sd_FDR                     0.0000    0.1093    0.0586    0.0543    0.0326    0.0261    0.0295
  TPR                        0.0150    0.0930    0.7830    0.8940    0.9810    0.9830    0.9950
  sd_TPR                     0.0565    0.1769    0.2293    0.1603    0.0766    0.0796    0.0422
  Avg L                      2.3300    4.8850    3.6150    2.8300    2.2500    2.2650    2.2500
  Avg T                      6.6650    5.3300    6.8650    6.8350    6.8300    6.7650    6.9450

