
==============================================================================
  DA-TRex MC: da_ar1_blocks_plus_white_snr_Average  (MC=200)
  AR(1)+white SNR sweep  n=300  p_total=1000  M=5  Q=5  p_ar=25  s=5  rho=0.7
  linkage=Average
==============================================================================

  SNR                          0.10      0.20      0.50      0.60      1.00      2.00      5.00
-----------------------------------------------------------------------------------------------

TREX-DA+BT: TLARS
  FDR                        0.0000    0.0183    0.0318    0.0213    0.0167    0.0166    0.0162
  sd_FDR                     0.0000    0.1010    0.0864    0.0715    0.0563    0.0606    0.0566
  TPR                        0.0140    0.1070    0.6850    0.7860    0.9210    0.9100    0.9100
  sd_TPR                     0.0585    0.1712    0.2135    0.1949    0.1218    0.1311    0.1311
  Avg L                      2.1700    4.7150    3.9950    3.3150    2.4800    2.3750    2.4650
  Avg T                      5.9400    5.3850    8.3050   12.8000   14.5700   12.0200   13.2050

TREX-DA+BT: TAFS
  FDR                        0.0000    0.0218    0.0298    0.0321    0.0128    0.0157    0.0083
  sd_FDR                     0.0000    0.1047    0.0833    0.0786    0.0474    0.0518    0.0407
  TPR                        0.0140    0.1100    0.7870    0.8800    0.9440    0.8440    0.7310
  sd_TPR                     0.0549    0.1910    0.2075    0.1641    0.0944    0.0922    0.0974
  Avg L                      2.3900    4.8950    3.6100    2.8900    2.3850    2.5700    2.4250
  Avg T                      4.6700    4.0850    6.0550    6.5150    7.0850    7.3300    6.9450

TREX-DA+BT: TOMP
  FDR                        0.0000    0.0164    0.0208    0.0203    0.0127    0.0114    0.0098
  sd_FDR                     0.0000    0.0936    0.0666    0.0622    0.0447    0.0442    0.0414
  TPR                        0.0130    0.1010    0.7970    0.9070    0.9900    0.9990    1.0000
  sd_TPR                     0.0494    0.1725    0.2192    0.1485    0.0521    0.0141    0.0000
  Avg L                      2.4650    4.8300    3.3200    2.6750    2.0900    2.0100    2.0250
  Avg T                      6.2900    4.9700    6.7950    7.1800    7.4050    7.3800    7.2100

