
==============================================================================
  DA-TRex MC: da_ar1_blocks_plus_white_M_Single  (MC=200)
  AR(1)+white M sweep  n=300  p_total=1000  Q=5  rho=0.7  SNR=2
  p_ar=M*Q and s=M vary  linkage=Single
==============================================================================

  M                            1.00      3.00      5.00     10.00     15.00     20.00     30.00
-----------------------------------------------------------------------------------------------

TREX-DA+BT: TLARS
  FDR                        0.0125    0.0067    0.0025    0.0075    0.0302    0.0490    0.0827
  sd_FDR                     0.0783    0.0421    0.0203    0.0308    0.0557    0.0844    0.1416
  TPR                        0.9000    0.9067    0.9070    0.8505    0.5957    0.3372    0.1108
  sd_TPR                     0.3008    0.1773    0.1343    0.1360    0.1688    0.1729    0.0975
  Avg L                      8.9750    4.1150    2.5800    2.3450    3.1700    4.3650    5.0550
  Avg T                     77.4600   35.7350   25.0100   14.9650    7.6000    7.3200    5.1750

TREX-DA+BT: TAFS
  FDR                        0.0150    0.0100    0.0027    0.0157    0.0270    0.0493    0.0585
  sd_FDR                     0.1219    0.0570    0.0217    0.0411    0.0469    0.1223    0.1459
  TPR                        0.0000    0.5883    0.8450    0.9600    0.8460    0.4298    0.0840
  sd_TPR                     0.0000    0.1703    0.1088    0.0723    0.1592    0.2254    0.0788
  Avg L                      1.1600    3.9800    2.6550    1.8050    2.2650    3.7850    4.8150
  Avg T                      6.8850    7.6050    7.2250    6.9150    6.8000    7.8550    5.7650

TREX-DA+BT: TOMP
  FDR                        0.0025    0.0025    0.0025    0.0132    0.0301    0.0510    0.0402
  sd_FDR                     0.0354    0.0249    0.0203    0.0363    0.0464    0.1165    0.1182
  TPR                        1.0000    0.9800    0.9860    0.9710    0.8513    0.3850    0.0612
  sd_TPR                     0.0000    0.1234    0.0680    0.0606    0.1696    0.2276    0.0621
  Avg L                      9.8800    3.9800    2.2450    1.6950    2.1050    3.8650    5.1450
  Avg T                      7.9000    7.8400    6.9550    7.3150    7.3750    7.7050    6.1200

