
==============================================================================
  DA-TRex MC: da_ar1_blocks_plus_white_snr_Complete  (MC=200)
  AR(1)+white SNR sweep  n=300  p_total=1000  M=5  Q=5  p_ar=25  s=5  rho=0.7
  linkage=Complete
==============================================================================

  SNR                          0.10      0.20      0.50      0.60      1.00      2.00      5.00
-----------------------------------------------------------------------------------------------

TREX-DA+BT: TLARS
  FDR                        0.0000    0.0238    0.0253    0.0185    0.0185    0.0182    0.0143
  sd_FDR                     0.0000    0.1128    0.0846    0.0704    0.0610    0.0592    0.0604
  TPR                        0.0180    0.0960    0.6910    0.7800    0.9220    0.9140    0.9190
  sd_TPR                     0.0728    0.1628    0.2222    0.1975    0.1166    0.1260    0.1238
  Avg L                      2.3350    4.8500    4.0200    3.3150    2.4400    2.4400    2.3950
  Avg T                      6.6450    5.1750    9.1200   13.1500   15.1850   12.0300   12.3350

TREX-DA+BT: TAFS
  FDR                        0.0000    0.0196    0.0321    0.0311    0.0158    0.0168    0.0195
  sd_FDR                     0.0000    0.1023    0.0887    0.0787    0.0507    0.0539    0.0605
  TPR                        0.0150    0.1020    0.7740    0.8820    0.9470    0.8460    0.7330
  sd_TPR                     0.0632    0.1748    0.2262    0.1581    0.0929    0.0912    0.0946
  Avg L                      2.3650    4.7850    3.5350    2.9100    2.3900    2.5200    2.4450
  Avg T                      4.8550    3.9900    5.6850    6.7800    7.1100    7.1550    7.0300

TREX-DA+BT: TOMP
  FDR                        0.0000    0.0272    0.0238    0.0198    0.0180    0.0092    0.0106
  sd_FDR                     0.0000    0.1380    0.0771    0.0627    0.0554    0.0381    0.0428
  TPR                        0.0140    0.1030    0.8000    0.9010    0.9890    0.9990    1.0000
  sd_TPR                     0.0512    0.1713    0.2178    0.1579    0.0538    0.0141    0.0000
  Avg L                      2.3950    4.9450    3.4500    2.6450    2.0900    2.0150    2.0300
  Avg T                      6.3300    5.4600    6.6900    7.3100    7.6550    7.2550    7.3750

