
==============================================================================
  DA-TRex MC: da_ar1_blocks_plus_white_rho_Complete  (MC=200)
  AR(1)+white rho sweep  n=300  p_total=1000  M=5  Q=5  s=5  SNR=2
  linkage=Complete
==============================================================================

Solver             Metric    Rho         0      0.10      0.20      0.30      0.40      0.50      0.60      0.70      0.80      0.90
------------------------------------------------------------------------------------------------------------------------------------
TREX-DA+BT: TLARS  FDR              0.0198    0.0221    0.0158    0.0129    0.0157    0.0205    0.0184    0.0139    0.0123    0.0157
                   sd_FDR           0.0556    0.0576    0.0509    0.0483    0.0528    0.0626    0.0588    0.0494    0.0470    0.0579
                   TPR              0.9680    0.9730    0.9970    0.9950    0.9910    0.9810    0.9550    0.9150    0.8560    0.7070
                   sd_TPR           0.1718    0.1370    0.0316    0.0313    0.0416    0.0653    0.0906    0.1106    0.1516    0.2044
                   Avg L            2.9800    3.0200    2.8650    2.6800    2.5500    2.2350    2.2400    2.4400    2.4300    2.5000
                   Avg T           16.9550   18.9200   18.0700   18.5500   16.9350   10.4850    8.6500   14.8450   15.9250   14.1700

TREX-DA+BT: TAFS   FDR              0.0148    0.0168    0.0106    0.0141    0.0203    0.0224    0.0132    0.0132    0.0114    0.0281
                   sd_FDR           0.0492    0.0551    0.0428    0.0486    0.0570    0.0618    0.0465    0.0465    0.0457    0.0889
                   TPR              0.9680    0.9730    0.9950    0.9910    0.9750    0.9490    0.9010    0.8410    0.7960    0.7210
                   sd_TPR           0.1718    0.1370    0.0372    0.0416    0.0663    0.0874    0.1061    0.0968    0.0749    0.1250
                   Avg L            2.9750    3.0150    2.8450    2.6650    2.6350    2.3500    2.5300    2.5650    2.4000    2.5400
                   Avg T            7.4100    7.2950    7.5100    7.3400    7.2150    7.1550    7.1050    7.3450    7.1600    7.3250

TREX-DA+BT: TOMP   FDR              0.0148    0.0202    0.0092    0.0083    0.0173    0.0083    0.0117    0.0093    0.0142    0.0277
                   sd_FDR           0.0492    0.0570    0.0381    0.0364    0.0526    0.0364    0.0426    0.0389    0.0520    0.0778
                   TPR              0.9670    0.9740    0.9980    1.0000    1.0000    1.0000    1.0000    0.9980    0.9920    0.9360
                   sd_TPR           0.1722    0.1364    0.0283    0.0000    0.0000    0.0000    0.0000    0.0199    0.0393    0.1148
                   Avg L            3.0100    3.0350    2.8250    2.6450    2.5150    2.0850    2.0400    2.0100    2.0400    2.2150
                   Avg T            7.7300    7.8250    7.7350    7.6200    7.6500    7.5000    7.3300    7.6050    7.7150    7.6500

==============================================================================

