
==============================================================================
  DA-TRex MC: da_ar1_blocks_plus_white_Q_Average  (MC=200)
  AR(1)+white Q sweep  n=300  p_total=1000  M=5  s=5  rho=0.7  SNR=2
  p_ar=M*Q varies  linkage=Average
==============================================================================

Solver             Metric      Q         5        10        15        20        25        30        35        40        45        50
------------------------------------------------------------------------------------------------------------------------------------
TREX-DA+BT: TLARS  FDR              0.0187    0.0132    0.0264    0.0247    0.0248    0.0212    0.0193    0.0200    0.0324    0.0218
                   sd_FDR           0.0596    0.0488    0.0698    0.0743    0.0700    0.0662    0.0592    0.0618    0.0934    0.0680
                   TPR              0.9290    0.9200    0.9220    0.9070    0.9140    0.9160    0.9160    0.9310    0.9290    0.9250
                   sd_TPR           0.1184    0.1152    0.1265    0.1313    0.1228    0.1258    0.1242    0.1072    0.1298    0.1321
                   Avg L            2.2900    2.4500    2.4650    2.4000    2.3500    2.3800    2.4450    2.4150    2.4250    2.3650
                   Avg T           10.9050   15.1400   18.3050   15.7000   15.3800   20.2500   22.6750   22.8900   24.8300   25.1750

TREX-DA+BT: TAFS   FDR              0.0110    0.0170    0.0162    0.0182    0.0287    0.0234    0.0183    0.0288    0.0312    0.0284
                   sd_FDR           0.0438    0.0548    0.0544    0.0568    0.0708    0.0669    0.0590    0.0748    0.0756    0.0730
                   TPR              0.8430    0.8470    0.8420    0.8380    0.8440    0.8510    0.8390    0.8350    0.8310    0.8360
                   sd_TPR           0.0894    0.0961    0.0974    0.0990    0.1064    0.1042    0.0955    0.1142    0.0943    0.1037
                   Avg L            2.5350    2.5350    2.4300    2.5550    2.5350    2.5800    2.5300    2.5100    2.5600    2.4950
                   Avg T            7.3700    7.1700    7.1850    7.2050    7.2700    7.5300    7.1700    7.3200    7.4400    7.5450

TREX-DA+BT: TOMP   FDR              0.0075    0.0100    0.0100    0.0077    0.0156    0.0075    0.0067    0.0089    0.0110    0.0103
                   sd_FDR           0.0346    0.0397    0.0397    0.0355    0.0504    0.0346    0.0327    0.0398    0.0460    0.0411
                   TPR              1.0000    0.9960    1.0000    0.9970    0.9990    0.9990    0.9980    1.0000    0.9970    0.9980
                   sd_TPR           0.0000    0.0281    0.0000    0.0244    0.0141    0.0141    0.0199    0.0000    0.0244    0.0199
                   Avg L            2.0050    2.0650    2.0150    2.0150    2.0350    2.0500    2.0450    2.0350    2.0750    2.0700
                   Avg T            7.2700    7.0900    6.9500    6.9900    7.0950    6.9100    7.0050    7.2850    7.2750    7.2750

==============================================================================

