
==============================================================================
  DA-TRex MC: da_ar1_blocks_plus_white_Q_Complete  (MC=200)
  AR(1)+white Q sweep  n=300  p_total=1000  M=5  s=5  rho=0.7  SNR=2
  p_ar=M*Q varies  linkage=Complete
==============================================================================

  Q                            5.00     10.00     15.00     20.00     25.00     30.00     35.00     40.00     45.00     50.00
-----------------------------------------------------------------------------------------------------------------------------

TREX-DA+BT: TLARS
  FDR                        0.0154    0.0182    0.0231    0.0192    0.0349    0.0169    0.0248    0.0235    0.0314    0.0192
  sd_FDR                     0.0538    0.0578    0.0663    0.0632    0.0822    0.0619    0.0670    0.0684    0.0923    0.0632
  TPR                        0.9340    0.9230    0.9250    0.9120    0.9180    0.9210    0.9210    0.9340    0.9270    0.9220
  sd_TPR                     0.1154    0.1128    0.1210    0.1278    0.1206    0.1250    0.1218    0.1082    0.1333    0.1342
  Avg L                      2.3000    2.4250    2.4300    2.3350    2.3300    2.3700    2.4050    2.3800    2.3350    2.3400
  Avg T                     11.3800   14.1850   14.3000   13.6700   16.3200   17.3350   17.7350   17.6900   18.1750   22.3650

TREX-DA+BT: TAFS
  FDR                        0.0120    0.0188    0.0137    0.0174    0.0308    0.0222    0.0235    0.0248    0.0344    0.0277
  sd_FDR                     0.0458    0.0592    0.0511    0.0558    0.0733    0.0644    0.0646    0.0711    0.0807    0.0727
  TPR                        0.8450    0.8470    0.8420    0.8400    0.8510    0.8490    0.8360    0.8390    0.8270    0.8350
  sd_TPR                     0.0884    0.0982    0.0953    0.0962    0.1061    0.1032    0.0914    0.1111    0.0955    0.1050
  Avg L                      2.5350    2.5150    2.4550    2.5400    2.5350    2.5150    2.4650    2.5100    2.5300    2.5150
  Avg T                      7.2350    7.3150    7.2450    7.1100    7.3050    7.5200    7.1900    7.4750    7.5400    7.4500

TREX-DA+BT: TOMP
  FDR                        0.0114    0.0123    0.0117    0.0067    0.0195    0.0075    0.0083    0.0089    0.0104    0.0092
  sd_FDR                     0.0442    0.0455    0.0426    0.0327    0.0568    0.0346    0.0364    0.0398    0.0444    0.0381
  TPR                        1.0000    0.9960    1.0000    0.9980    0.9990    0.9990    0.9980    1.0000    0.9970    0.9980
  sd_TPR                     0.0000    0.0281    0.0000    0.0199    0.0141    0.0141    0.0199    0.0000    0.0244    0.0199
  Avg L                      2.0100    2.0450    2.0100    2.0150    2.0200    2.0200    2.0450    2.0000    2.0300    2.0350
  Avg T                      7.4100    7.7000    7.6000    7.5400    7.5350    7.6150    7.5100    7.5900    7.6600    7.6400

