
==============================================================================
  DA-TRex MC: da_ar1_blocks_plus_white_M_Complete  (MC=200)
  AR(1)+white M sweep  n=300  p_total=1000  Q=5  rho=0.7  SNR=2
  p_ar=M*Q and s=M vary  linkage=Complete
==============================================================================

  M                               1         3         5        10        15        20        30
-----------------------------------------------------------------------------------------------

TREX-DA+BT: TLARS
  FDR                        0.0175    0.0266    0.0097    0.0362    0.0583    0.0805    0.0912
  sd_FDR                     0.0921    0.0835    0.0403    0.0643    0.0746    0.0941    0.1482
  TPR                        0.9050    0.9283    0.9190    0.8560    0.6353    0.3770    0.1148
  sd_TPR                     0.2940    0.1452    0.1238    0.1251    0.1569    0.1631    0.1034
  Avg L                      8.9500    4.0050    2.4350    2.1950    2.9850    4.2950    5.2850
  Avg T                     69.4450   23.9950   10.7850    9.7900    6.6150    7.5400    5.6750

TREX-DA+BT: TAFS
  FDR                        0.0750    0.0233    0.0088    0.0260    0.0438    0.0552    0.0697
  sd_FDR                     0.2641    0.0853    0.0422    0.0496    0.0535    0.0832    0.1399
  TPR                        0.0000    0.6217    0.8510    0.9615    0.8683    0.4552    0.0892
  sd_TPR                     0.0000    0.1190    0.0962    0.0721    0.1425    0.2098    0.0774
  Avg L                      1.4600    4.1100    2.5200    1.4600    1.9200    3.9900    5.0200
  Avg T                      6.5950    7.5350    7.1300    6.7750    6.6200    9.1550    6.0400

TREX-DA+BT: TOMP
  FDR                        0.0050    0.0145    0.0100    0.0205    0.0398    0.0535    0.0586
  sd_FDR                     0.0499    0.0611    0.0397    0.0461    0.0501    0.0956    0.1547
  TPR                        1.0000    0.9983    0.9980    0.9755    0.8753    0.3970    0.0605
  sd_TPR                     0.0000    0.0236    0.0199    0.0563    0.1555    0.2308    0.0609
  Avg L                      9.8650    3.9500    2.0350    1.2600    1.8750    3.3500    5.2250
  Avg T                      7.9600    7.8300    7.5450    7.2750    6.9100    8.2300    6.2850

