
==============================================================================
  DA-TRex MC: da_ar1_blocks_plus_white_Q_Single  (MC=200)
  AR(1)+white Q sweep  n=300  p_total=1000  M=5  s=5  rho=0.7  SNR=2
  p_ar=M*Q varies  linkage=Single
==============================================================================

  Q                            5.00     10.00     15.00     20.00     25.00     30.00     35.00     40.00     45.00     50.00
-----------------------------------------------------------------------------------------------------------------------------

TREX-DA+BT: TLARS
  FDR                        0.0064    0.0042    0.0123    0.0046    0.0143    0.0013    0.0043    0.0077    0.0172    0.0198
  sd_FDR                     0.0342    0.0298    0.0492    0.0375    0.0530    0.0177    0.0308    0.0410    0.0785    0.0705
  TPR                        0.9220    0.9130    0.8490    0.8520    0.7950    0.7290    0.7050    0.7680    0.8280    0.8220
  sd_TPR                     0.1312    0.1354    0.2410    0.2383    0.2895    0.3686    0.3793    0.3205    0.2622    0.2120
  Avg L                      2.4750    2.8050    2.9200    2.9800    2.9700    2.8900    2.9100    3.0500    3.0450    2.9800
  Avg T                     19.0450   32.5750   37.4850   43.6250   57.9250   57.4900   70.7700   84.6200   90.3850   92.7950

TREX-DA+BT: TAFS
  FDR                        0.0067    0.0037    0.0189    0.0143    0.0166    0.0122    0.0095    0.0132    0.0158    0.0240
  sd_FDR                     0.0352    0.0258    0.0629    0.0621    0.0595    0.0538    0.0441    0.0561    0.0579    0.0712
  TPR                        0.8380    0.8310    0.7720    0.7790    0.7210    0.6420    0.6460    0.6650    0.7230    0.7400
  sd_TPR                     0.0990    0.1433    0.2141    0.2172    0.2919    0.3488    0.3353    0.3270    0.2581    0.1849
  Avg L                      2.6650    2.8150    2.8900    2.9850    2.9600    2.8100    2.8700    2.8900    2.9850    2.9700
  Avg T                      7.2800    7.4250    7.5800    7.5300    7.4800    7.6050    7.7300    7.5900    7.7500    7.4950

TREX-DA+BT: TOMP
  FDR                        0.0042    0.0058    0.0042    0.0039    0.0017    0.0000    0.0000    0.0017    0.0020    0.0041
  sd_FDR                     0.0261    0.0307    0.0261    0.0279    0.0166    0.0000    0.0000    0.0166    0.0199    0.0290
  TPR                        0.9940    0.9910    0.9520    0.9470    0.8830    0.8070    0.8200    0.8290    0.9040    0.9020
  sd_TPR                     0.0487    0.0461    0.1716    0.1897    0.2866    0.3583    0.3496    0.3279    0.2268    0.1579
  Avg L                      2.2400    2.5600    2.7650    2.8950    2.8450    2.9350    2.9800    3.0000    3.0400    2.8600
  Avg T                      6.8750    6.8000    6.9550    7.1350    7.1950    7.6550    7.5050    7.6750    7.5300    6.7700

