
==============================================================================
  DA-TRex MC: da_ar1_blocks_plus_white_M_Average  (MC=200)
  AR(1)+white M sweep  n=300  p_total=1000  Q=5  rho=0.7  SNR=2
  p_ar=M*Q and s=M vary  linkage=Average
==============================================================================

  M                               1         3         5        10        15        20        30
-----------------------------------------------------------------------------------------------

TREX-DA+BT: TLARS
  FDR                        0.0175    0.0220    0.0120    0.0327    0.0563    0.0867    0.1013
  sd_FDR                     0.0921    0.0799    0.0499    0.0653    0.0764    0.1042    0.1578
  TPR                        0.9050    0.9217    0.9150    0.8540    0.6273    0.3748    0.1210
  sd_TPR                     0.2940    0.1494    0.1259    0.1263    0.1595    0.1619    0.1068
  Avg L                      8.9800    4.0250    2.4000    2.0650    3.0350    4.3200    4.7750
  Avg T                     67.3700   25.4150   10.7900    7.5800    6.5900    7.4850    5.7450

TREX-DA+BT: TAFS
  FDR                        0.0150    0.0233    0.0072    0.0230    0.0461    0.0540    0.0670
  sd_FDR                     0.1219    0.0853    0.0353    0.0487    0.0573    0.0864    0.1513
  TPR                        0.0000    0.6100    0.8540    0.9615    0.8767    0.4622    0.0855
  sd_TPR                     0.0000    0.1255    0.0955    0.0692    0.1379    0.2077    0.0751
  Avg L                      1.2050    4.0450    2.5300    1.4750    2.1000    3.6700    4.9150
  Avg T                      6.6750    7.6000    7.0900    6.7450    6.4350    8.4850    5.7000

TREX-DA+BT: TOMP
  FDR                        0.0050    0.0145    0.0106    0.0187    0.0410    0.0499    0.0408
  sd_FDR                     0.0499    0.0611    0.0428    0.0444    0.0528    0.0872    0.1242
  TPR                        1.0000    0.9967    0.9970    0.9755    0.8687    0.4090    0.0598
  sd_TPR                     0.0000    0.0332    0.0244    0.0571    0.1757    0.2252    0.0644
  Avg L                      9.9150    3.9400    2.0200    1.2650    1.9250    3.4950    4.9750
  Avg T                      7.9200    7.9400    7.3500    7.4250    6.6850    8.9100    6.0850

