
==============================================================================
  DA-TRex MC: da_ht_rho_s2_Heavy_Single  (MC=200)
  HT-block rho sweep  n=150  M=5  Q=5  s=5  SNR=2.000000  nu=3.000000  noise=s2_Heavy  linkage=Single
==============================================================================

Solver          Metric    Rho         0      0.10      0.20      0.30      0.40      0.50      0.60      0.70      0.80      0.90
---------------------------------------------------------------------------------------------------------------------------------
TREX-DA: TLARS  FDR              0.0604    0.0702    0.0753    0.1064    0.0962    0.1385    0.1425    0.1409    0.1773    0.3167
                sd_FDR           0.1494    0.1704    0.1462    0.1834    0.1717    0.2145    0.2148    0.2169    0.2434    0.2820
                TPR              0.5030    0.5290    0.5640    0.6530    0.6930    0.7350    0.7110    0.7310    0.6600    0.5080
                sd_TPR           0.2926    0.2543    0.2812    0.3103    0.3092    0.2637    0.2581    0.2611    0.2785    0.2770
                Avg L            1.8400    1.9300    1.8350    1.9050    1.7750    1.8050    1.8550    1.8350    1.7250    1.4750
                Avg T           32.9150   36.4150   30.8650   30.5500   27.8200   27.2600   27.6100   31.4050   29.1500   25.8700

TREX-DA: TAFS   FDR              0.0389    0.0330    0.0461    0.0566    0.0746    0.0915    0.0787    0.0808    0.1047    0.2004
                sd_FDR           0.1202    0.1162    0.1088    0.1291    0.1470    0.1562    0.1423    0.1247    0.1456    0.2155
                TPR              0.5080    0.5450    0.5970    0.6840    0.7210    0.7680    0.7920    0.7800    0.7620    0.6700
                sd_TPR           0.2993    0.2734    0.2810    0.2976    0.2863    0.2467    0.2249    0.2141    0.1989    0.2221
                Avg L            1.8350    1.9350    1.8850    1.8750    1.7850    1.8550    1.8100    1.8150    1.8100    1.7000
                Avg T            7.4100    7.5550    7.5050    7.5250    6.9750    7.3150    7.3550    7.4950    7.5100    7.7600

TREX-DA: TOMP   FDR              0.0336    0.0247    0.0344    0.0347    0.0413    0.0393    0.0316    0.0310    0.0387    0.1217
                sd_FDR           0.0978    0.0864    0.0913    0.0893    0.0934    0.0885    0.0801    0.0781    0.0973    0.1590
                TPR              0.5780    0.6080    0.6610    0.7690    0.8160    0.9130    0.9510    0.9570    0.9560    0.8700
                sd_TPR           0.2726    0.2582    0.2879    0.2683    0.2617    0.1684    0.1178    0.1059    0.1026    0.1768
                Avg L            1.9400    1.9800    1.9200    1.9100    1.9050    1.8250    1.9300    1.8950    1.9250    1.9100
                Avg T            7.5450    7.7600    7.6250    7.7600    7.5050    7.5600    7.7200    7.8550    7.9150    7.9750

==============================================================================

