
==============================================================================
  DA-TRex MC: da_ht_snr_s2_Heavy_Single  (MC=200)
  HT-block SNR sweep  n=150  M=5  Q=5  p=25  s=5  rho=0.800000  nu=3.000000  noise=s2_Heavy  linkage=Single
==============================================================================

Solver          Metric    SNR      0.10      0.20      0.50      0.60         1         2         5
---------------------------------------------------------------------------------------------------
TREX-DA: TLARS  FDR              0.0729    0.1407    0.1917    0.1953    0.1961    0.1840    0.2052
                sd_FDR           0.2467    0.2886    0.2548    0.2652    0.2504    0.2271    0.2553
                TPR              0.0240    0.1320    0.4240    0.4710    0.6130    0.6250    0.6260
                sd_TPR           0.0909    0.2039    0.3103    0.3131    0.3048    0.2734    0.2729
                Avg L            1.9150    2.4950    2.3450    2.0600    1.8650    1.6450    1.6100
                Avg T           12.7500   16.7800   28.4900   27.3200   30.5200   29.0450   29.4100

TREX-DA: TAFS   FDR              0.0500    0.1464    0.1595    0.1101    0.1203    0.1189    0.1492
                sd_FDR           0.2012    0.2802    0.2216    0.1586    0.1753    0.1660    0.1914
                TPR              0.0270    0.1520    0.5400    0.6230    0.7550    0.7350    0.6390
                sd_TPR           0.0867    0.2134    0.3361    0.3209    0.2663    0.2338    0.1951
                Avg L            1.8600    2.6750    2.4650    2.2300    1.9550    1.7250    1.5500
                Avg T            5.4850    5.7850    6.4100    6.8500    7.5900    7.3750    7.4450

TREX-DA: TOMP   FDR              0.1033    0.1749    0.1609    0.1384    0.0819    0.0626    0.0251
                sd_FDR           0.2892    0.3092    0.2076    0.1762    0.1378    0.1060    0.0707
                TPR              0.0340    0.1380    0.5700    0.6960    0.8670    0.9230    0.9690
                sd_TPR           0.0899    0.1917    0.3299    0.2842    0.2106    0.1427    0.0876
                Avg L            2.1650    2.8250    2.5500    2.3950    2.1200    1.8900    1.9000
                Avg T            6.4850    6.3450    6.8700    7.0600    7.5850    7.7900    7.9000

==============================================================================

