
==============================================================================
  DA-TRex MC: da_ht_tFDR_s1_Gauss_Complete  (MC=200)
  HT-block tFDR sweep  n=150  M=5  Q=5  p=25  s=5  rho=0.800000  SNR=2.000000  nu=3.000000  noise=s1_Gauss  linkage=Complete
==============================================================================

Solver          Metric   tFDR      0.05      0.10      0.15      0.20      0.25      0.30      0.35      0.40      0.45      0.50
---------------------------------------------------------------------------------------------------------------------------------
TREX-DA: TLARS  FDR              0.1224    0.1592    0.1806    0.2410    0.2483    0.3312    0.3077    0.3568    0.3325    0.3735
                sd_FDR           0.1989    0.2094    0.1996    0.2214    0.2151    0.2302    0.1966    0.2146    0.1629    0.1427
                TPR              0.5760    0.5810    0.6060    0.6880    0.6900    0.6700    0.7800    0.7810    0.9190    0.9360
                sd_TPR           0.3142    0.3199    0.2806    0.2395    0.2510    0.2848    0.2712    0.2875    0.1914    0.1614
                Avg L            4.8100    2.7000    1.9850    1.7000    1.2550    1.0900    1.0250    1.0100    1.0000    1.0000
                Avg T           25.4900   21.6700   25.1850   24.5650   18.0200   16.9350   14.8000   16.3550   14.5350   17.5400

TREX-DA: TAFS   FDR              0.0700    0.0616    0.1030    0.1269    0.1650    0.1928    0.1853    0.2318    0.2507    0.2544
                sd_FDR           0.1311    0.1117    0.1498    0.1472    0.1745    0.1496    0.1372    0.1339    0.1092    0.1177
                TPR              0.6650    0.6580    0.7010    0.8110    0.7420    0.8240    0.8900    0.9230    0.9660    0.9750
                sd_TPR           0.2891    0.2875    0.2778    0.1631    0.2156    0.2001    0.1878    0.1536    0.0829    0.0775
                Avg L            4.9500    2.8100    1.9650    1.7950    1.2350    1.0750    1.0250    1.0100    1.0000    1.0000
                Avg T            7.8150    7.6950    7.6200    7.6250    7.4000    7.2350    7.1050    7.2350    7.3750    7.9100

TREX-DA: TOMP   FDR              0.0452    0.0400    0.0497    0.0643    0.0627    0.1032    0.1053    0.1284    0.1480    0.1706
                sd_FDR           0.0985    0.0936    0.1031    0.1047    0.1162    0.1302    0.1229    0.1178    0.1299    0.1471
                TPR              0.8530    0.8710    0.8680    0.9430    0.9500    0.9380    0.9410    0.9570    0.9650    0.9580
                sd_TPR           0.2895    0.2719    0.2752    0.1068    0.1112    0.1176    0.1233    0.1000    0.0861    0.1034
                Avg L            5.0800    2.8550    1.9250    1.8800    1.4050    1.0450    1.0300    1.0100    1.0000    1.0050
                Avg T            7.9550    7.8350    7.8100    7.8100    7.6800    7.5450    7.5350    7.6950    7.8950    8.0200

==============================================================================

