
==============================================================================
  DA-TRex MC: da_ht_rho_s2_Heavy_Average  (MC=200)
  HT-block rho sweep  n=150  M=5  Q=5  s=5  SNR=2.000000  nu=3.000000  noise=s2_Heavy  linkage=Average
==============================================================================

Solver          Metric    Rho         0      0.10      0.20      0.30      0.40      0.50      0.60      0.70      0.80      0.90
---------------------------------------------------------------------------------------------------------------------------------
TREX-DA: TLARS  FDR              0.1218    0.1377    0.1033    0.1166    0.1261    0.1343    0.1595    0.1763    0.2050    0.3119
                sd_FDR           0.1656    0.1702    0.1644    0.1871    0.1935    0.1980    0.1764    0.2130    0.2373    0.2584
                TPR              0.7270    0.7430    0.7520    0.7700    0.7680    0.7380    0.7290    0.7360    0.6750    0.5730
                sd_TPR           0.2506    0.2442    0.2262    0.2620    0.2492    0.2648    0.2232    0.2445    0.2579    0.2695
                Avg L            1.8950    1.9400    1.8700    1.8750    1.7900    1.7950    1.8100    1.7500    1.6700    1.4300
                Avg T           30.5450   30.0250   28.0200   28.1050   24.3350   21.0450   25.1900   26.6450   25.5650   23.0500

TREX-DA: TAFS   FDR              0.0646    0.0566    0.0614    0.0645    0.1047    0.0967    0.0963    0.0906    0.1328    0.2071
                sd_FDR           0.1115    0.1063    0.1066    0.1098    0.1650    0.1401    0.1329    0.1416    0.1600    0.1934
                TPR              0.7750    0.7910    0.7920    0.8130    0.7960    0.7980    0.8110    0.8030    0.7730    0.6930
                sd_TPR           0.2439    0.2400    0.2139    0.2260    0.2397    0.2205    0.1997    0.1865    0.2119    0.2195
                Avg L            1.8950    1.9100    1.8750    1.9150    1.8200    1.8300    1.7850    1.7450    1.7750    1.5800
                Avg T            7.3850    7.3100    7.2550    7.4550    7.2150    7.0900    7.2450    7.3050    7.5100    7.5150

TREX-DA: TOMP   FDR              0.0489    0.0524    0.0403    0.0416    0.0472    0.0573    0.0445    0.0334    0.0415    0.1245
                sd_FDR           0.0920    0.1065    0.0865    0.0897    0.0912    0.1037    0.0891    0.0766    0.1002    0.1625
                TPR              0.8280    0.8360    0.8730    0.8800    0.8980    0.9230    0.9540    0.9710    0.9570    0.8700
                sd_TPR           0.2197    0.2148    0.1915    0.2093    0.1816    0.1600    0.1074    0.0836    0.1020    0.1779
                Avg L            1.9600    1.9250    1.9500    1.9450    1.8950    1.8150    1.9750    1.8950    1.9300    1.9050
                Avg T            7.6800    7.6000    7.4950    7.8000    7.5850    7.5550    7.8250    7.8200    7.9000    7.9500

==============================================================================

