
==============================================================================
  DA-TRex MC: da_ht_snr_s2_Heavy_Average  (MC=200)
  HT-block SNR sweep  n=150  M=5  Q=5  p=25  s=5  rho=0.800000  nu=3.000000  noise=s2_Heavy  linkage=Average
==============================================================================

Solver          Metric    SNR      0.10      0.20      0.50      0.60         1         2         5
---------------------------------------------------------------------------------------------------
TREX-DA: TLARS  FDR              0.0812    0.1312    0.2086    0.2235    0.2205    0.2358    0.2280
                sd_FDR           0.2495    0.2714    0.2639    0.2569    0.2333    0.2315    0.2223
                TPR              0.0370    0.1550    0.4460    0.5280    0.6370    0.6510    0.6440
                sd_TPR           0.1118    0.2246    0.3059    0.3028    0.2772    0.2575    0.2465
                Avg L            2.1300    2.6400    2.4100    2.2800    1.8200    1.6650    1.5950
                Avg T           13.0400   14.8200   24.6550   26.1300   25.4500   25.6350   23.3850

TREX-DA: TAFS   FDR              0.0550    0.1366    0.1621    0.1328    0.1338    0.1427    0.1838
                sd_FDR           0.2061    0.2696    0.1998    0.1685    0.1599    0.1576    0.1859
                TPR              0.0360    0.1570    0.5670    0.6620    0.7760    0.7340    0.6470
                sd_TPR           0.0977    0.2168    0.3256    0.2887    0.2549    0.2104    0.1923
                Avg L            1.9000    2.5650    2.3950    2.3350    1.9050    1.6850    1.4750
                Avg T            5.3750    5.5450    6.3800    7.0150    7.1350    7.2550    7.2750

TREX-DA: TOMP   FDR              0.0850    0.1928    0.1668    0.1413    0.0841    0.0692    0.0379
                sd_FDR           0.2594    0.3300    0.2043    0.1865    0.1396    0.1048    0.0832
                TPR              0.0360    0.1480    0.5630    0.6910    0.8620    0.9230    0.9700
                sd_TPR           0.0977    0.2007    0.3196    0.3020    0.2289    0.1455    0.0770
                Avg L            2.1150    2.9000    2.4850    2.2350    2.0550    1.8800    1.9000
                Avg T            6.4550    6.6900    6.7350    6.7800    7.6700    7.6500    7.8900

==============================================================================

