
==============================================================================
  DA-TRex MC: da_ht_M_s2_Heavy_Average  (MC=200)
  HT-block M sweep  n=150  Q=5  rho=0.800000  SNR=2.000000  nu=3.000000  p=M*Q and s=M vary  noise=s2_Heavy  linkage=Average
==============================================================================

Solver          Metric      M         1         3         5        10        15        20        30
---------------------------------------------------------------------------------------------------
TREX-DA: TLARS  FDR              0.0450    0.1357    0.2032    0.2216    0.2096    0.2732    0.2214
                sd_FDR           0.1888    0.2141    0.2217    0.1855    0.1748    0.2326    0.2602
                TPR              0.1950    0.5983    0.6740    0.5650    0.4260    0.2352    0.0833
                sd_TPR           0.3972    0.3858    0.2570    0.2154    0.2083    0.1595    0.0902
                Avg L            1.6800    2.1000    1.7200    1.7400    2.1700    2.5300    2.7500
                Avg T            6.1850   21.0000   24.8650   22.0800   14.8950    9.7750    7.8000

TREX-DA: TAFS   FDR              0.0400    0.2180    0.1389    0.1488    0.1878    0.2601    0.2230
                sd_FDR           0.1965    0.3062    0.1731    0.1189    0.1284    0.2179    0.2787
                TPR              0.0000    0.3517    0.7650    0.7840    0.5840    0.2737    0.0692
                sd_TPR           0.0000    0.2974    0.2117    0.2014    0.2238    0.1910    0.0699
                Avg L            1.0750    1.7750    1.7950    1.3550    1.9050    2.2750    2.7400
                Avg T            5.1800    7.6850    7.5150    6.5050    6.7800    6.1000    5.4200

TREX-DA: TOMP   FDR              0.0000    0.0246    0.0502    0.1390    0.1849    0.2264    0.2140
                sd_FDR           0.0000    0.0907    0.0967    0.1210    0.1465    0.2027    0.3026
                TPR              0.2750    0.7867    0.9520    0.8105    0.5617    0.2452    0.0477
                sd_TPR           0.4476    0.3926    0.1065    0.1914    0.2447    0.1752    0.0554
                Avg L            1.8250    2.3150    1.9500    1.4100    1.8400    2.4250    2.8900
                Avg T            5.6300    7.7850    7.8000    6.9400    6.6750    6.6800    6.5250

==============================================================================

