
==============================================================================
  DA-TRex MC: da_ht_tFDR_s2_Heavy_Single  (MC=200)
  HT-block tFDR sweep  n=150  M=5  Q=5  p=25  s=5  rho=0.800000  SNR=2.000000  nu=3.000000  noise=s2_Heavy  linkage=Single
==============================================================================

Solver          Metric   tFDR      0.05      0.10      0.15      0.20      0.25      0.30      0.35      0.40      0.45      0.50
---------------------------------------------------------------------------------------------------------------------------------
TREX-DA: TLARS  FDR              0.1043    0.1200    0.1333    0.1981    0.1830    0.2201    0.2405    0.2210    0.2335    0.2879
                sd_FDR           0.1948    0.2011    0.2046    0.2484    0.2243    0.2322    0.2212    0.1873    0.1738    0.1465
                TPR              0.5100    0.5110    0.5870    0.6410    0.6640    0.6730    0.7160    0.8700    0.9290    0.9650
                sd_TPR           0.3596    0.3311    0.3094    0.2759    0.2718    0.2808    0.2887    0.2494    0.2014    0.1438
                Avg L            4.4900    2.6150    2.0400    1.6400    1.3350    1.0850    1.0350    1.0150    1.0050    1.0050
                Avg T           26.8650   25.8250   25.0800   26.9650   22.1050   18.9500   19.2550   18.3750   17.8850   19.7250

TREX-DA: TAFS   FDR              0.0580    0.0544    0.0876    0.0925    0.1346    0.1670    0.1771    0.1841    0.1902    0.2336
                sd_FDR           0.1223    0.1192    0.1595    0.1476    0.1793    0.1607    0.1654    0.1425    0.1112    0.1054
                TPR              0.6060    0.6260    0.6130    0.7620    0.7390    0.7530    0.8440    0.9280    0.9670    0.9780
                sd_TPR           0.3080    0.2866    0.3081    0.2058    0.2261    0.2232    0.2152    0.1678    0.1038    0.0936
                Avg L            4.8900    2.8050    1.9650    1.7450    1.2850    1.0500    1.0500    1.0250    1.0050    1.0000
                Avg T            7.6000    7.7500    7.6200    7.6300    7.4050    7.4600    7.4950    7.6800    7.6450    7.7800

TREX-DA: TOMP   FDR              0.0372    0.0346    0.0438    0.0443    0.0428    0.0852    0.0780    0.0842    0.0864    0.1135
                sd_FDR           0.0973    0.0867    0.0954    0.0954    0.0924    0.1416    0.1315    0.1224    0.1138    0.1143
                TPR              0.8350    0.8480    0.8670    0.9420    0.9520    0.9250    0.9420    0.9580    0.9720    0.9660
                sd_TPR           0.3128    0.3016    0.2795    0.1308    0.1065    0.1622    0.1324    0.0974    0.0828    0.1063
                Avg L            5.2650    2.9350    2.0050    1.8800    1.4900    1.0400    1.0200    1.0150    1.0000    1.0050
                Avg T            7.6500    7.8600    7.7000    7.8400    7.3400    7.5700    7.7800    7.8350    7.8600    7.8300

==============================================================================

