
==============================================================================
  DA-TRex MC: da_ht_snr_s1_Gauss_Single  (MC=200)
  HT-block SNR sweep  n=150  M=5  Q=5  p=25  s=5  rho=0.800000  nu=3.000000  noise=s1_Gauss  linkage=Single
==============================================================================

Solver          Metric    SNR      0.10      0.20      0.50      0.60         1         2         5
---------------------------------------------------------------------------------------------------
TREX-DA: TLARS  FDR              0.0333    0.1215    0.1683    0.2031    0.1848    0.2028    0.2020
                sd_FDR           0.1585    0.2801    0.2555    0.2521    0.2435    0.2595    0.2626
                TPR              0.0200    0.0700    0.3390    0.4510    0.5750    0.6360    0.6530
                sd_TPR           0.0723    0.1456    0.3016    0.2960    0.2946    0.2848    0.2970
                Avg L            1.7800    2.3200    2.3650    2.2850    1.9200    1.6400    1.6300
                Avg T           10.4200   15.5300   28.3000   26.5550   31.3950   28.4700   28.0550

TREX-DA: TAFS   FDR              0.0375    0.1010    0.1573    0.1676    0.1120    0.0988    0.1322
                sd_FDR           0.1732    0.2439    0.2210    0.2114    0.1763    0.1489    0.1630
                TPR              0.0180    0.0880    0.4760    0.5910    0.7640    0.7700    0.6530
                sd_TPR           0.0608    0.1732    0.3346    0.2901    0.2542    0.2042    0.1865
                Avg L            1.7350    2.3600    2.4500    2.3250    1.9250    1.7750    1.5650
                Avg T            5.4250    5.3800    6.3750    6.7400    7.5900    7.6900    7.4500

TREX-DA: TOMP   FDR              0.0425    0.1128    0.1705    0.1500    0.1008    0.0557    0.0247
                sd_FDR           0.1861    0.2720    0.2206    0.1875    0.1429    0.1094    0.0679
                TPR              0.0210    0.0980    0.5490    0.6420    0.8660    0.9370    0.9660
                sd_TPR           0.0706    0.1748    0.3027    0.2818    0.1691    0.1196    0.0921
                Avg L            1.9400    2.6400    2.6300    2.4850    2.1300    1.8950    1.8950
                Avg T            6.3550    6.3800    7.0550    6.8200    7.6900    7.9300    7.8750

==============================================================================

