
==============================================================================
  DA-TRex MC: da_ht_rho_s1_Gauss_Complete  (MC=200)
  HT-block rho sweep  n=150  M=5  Q=5  s=5  SNR=2.000000  nu=3.000000  noise=s1_Gauss  linkage=Complete
==============================================================================

Solver          Metric    Rho         0      0.10      0.20      0.30      0.40      0.50      0.60      0.70      0.80      0.90
---------------------------------------------------------------------------------------------------------------------------------
TREX-DA: TLARS  FDR              0.1243    0.1025    0.1163    0.1370    0.1380    0.1557    0.1441    0.1699    0.2219    0.3118
                sd_FDR           0.1728    0.1647    0.1741    0.1835    0.1853    0.2076    0.1820    0.2142    0.2214    0.2343
                TPR              0.7710    0.7900    0.7700    0.7650    0.7790    0.7610    0.7750    0.7180    0.6800    0.5930
                sd_TPR           0.2499    0.2157    0.2566    0.2571    0.2459    0.2478    0.2471    0.2577    0.2439    0.2491
                Avg L            1.8750    1.9150    1.8450    1.8550    1.8750    1.8200    1.8500    1.7250    1.6350    1.4900
                Avg T           26.9400   28.6750   26.0800   24.6050   25.2350   25.3550   21.2550   22.7800   21.2850   25.0100

TREX-DA: TAFS   FDR              0.0713    0.0616    0.0670    0.0640    0.0803    0.0877    0.0982    0.1062    0.1421    0.2151
                sd_FDR           0.1157    0.1074    0.1124    0.1121    0.1140    0.1314    0.1285    0.1474    0.1636    0.1856
                TPR              0.8350    0.8230    0.8160    0.8490    0.8220    0.8300    0.8260    0.7950    0.7820    0.7250
                sd_TPR           0.2272    0.2161    0.2392    0.2069    0.2033    0.1899    0.2087    0.2182    0.1936    0.2107
                Avg L            1.8600    1.9000    1.8500    1.8650    1.8350    1.8050    1.7900    1.7900    1.6850    1.6550
                Avg T            7.3100    7.3500    7.2800    7.3250    7.1200    7.0900    7.0650    7.1250    7.4800    7.6550

TREX-DA: TOMP   FDR              0.0471    0.0437    0.0381    0.0539    0.0478    0.0484    0.0518    0.0400    0.0446    0.1477
                sd_FDR           0.0966    0.0933    0.0813    0.0988    0.0929    0.0904    0.1042    0.0867    0.0885    0.1735
                TPR              0.8710    0.8580    0.8800    0.8930    0.9050    0.9320    0.9410    0.9560    0.9590    0.8560
                sd_TPR           0.2102    0.1981    0.1944    0.1890    0.1815    0.1410    0.1401    0.1189    0.0881    0.1727
                Avg L            1.9050    1.9000    1.8950    1.8950    1.8850    1.8600    1.9250    1.8900    1.9000    1.9350
                Avg T            7.4800    7.5900    7.6200    7.4950    7.5100    7.5450    7.6000    7.6650    7.8600    7.9950

==============================================================================

