
==============================================================================
  DA-TRex MC: da_ht_snr_s1_Gauss_Complete  (MC=200)
  HT-block SNR sweep  n=150  M=5  Q=5  p=25  s=5  rho=0.800000  nu=3.000000  noise=s1_Gauss  linkage=Complete
==============================================================================

Solver          Metric    SNR      0.10      0.20      0.50      0.60         1         2         5
---------------------------------------------------------------------------------------------------
TREX-DA: TLARS  FDR              0.0517    0.1319    0.2028    0.2208    0.2294    0.2367    0.2101
                sd_FDR           0.2136    0.2742    0.2376    0.2369    0.2169    0.2237    0.2034
                TPR              0.0160    0.1030    0.4290    0.5090    0.6400    0.6630    0.7150
                sd_TPR           0.0580    0.1725    0.2963    0.2798    0.2496    0.2564    0.2492
                Avg L            1.7400    2.5550    2.4000    2.3800    1.9300    1.5750    1.6200
                Avg T            9.8150   14.7250   21.6850   22.2000   27.3250   23.3450   24.2650

TREX-DA: TAFS   FDR              0.0442    0.1043    0.1511    0.1773    0.1519    0.1269    0.1508
                sd_FDR           0.1938    0.2480    0.2081    0.2087    0.1900    0.1656    0.1583
                TPR              0.0180    0.1090    0.5110    0.6310    0.7790    0.7970    0.6970
                sd_TPR           0.0608    0.1889    0.3181    0.2786    0.2451    0.1959    0.1815
                Avg L            1.8400    2.5450    2.4850    2.4800    1.9400    1.7700    1.5850
                Avg T            5.6600    5.2500    6.0750    6.7350    7.2600    7.5350    7.4150

TREX-DA: TOMP   FDR              0.0833    0.1022    0.1833    0.1552    0.1077    0.0616    0.0329
                sd_FDR           0.2658    0.2530    0.2347    0.1993    0.1478    0.1156    0.0760
                TPR              0.0190    0.1030    0.5390    0.6610    0.8650    0.9380    0.9680
                sd_TPR           0.0621    0.1713    0.3107    0.2669    0.1826    0.1226    0.0813
                Avg L            1.9700    2.7850    2.6600    2.4350    2.0650    1.8950    1.9050
                Avg T            6.2850    5.8550    6.5850    6.8850    7.6650    7.8000    7.7850

==============================================================================

