
==============================================================================
  DA-TRex MC: da_ht_tFDR_s1_Gauss_Single  (MC=200)
  HT-block tFDR sweep  n=150  M=5  Q=5  p=25  s=5  rho=0.800000  SNR=2.000000  nu=3.000000  noise=s1_Gauss  linkage=Single
==============================================================================

Solver          Metric   tFDR      0.05      0.10      0.15      0.20      0.25      0.30      0.35      0.40      0.45      0.50
---------------------------------------------------------------------------------------------------------------------------------
TREX-DA: TLARS  FDR              0.0926    0.1092    0.1503    0.1864    0.2133    0.2149    0.2509    0.2688    0.2486    0.3050
                sd_FDR           0.1862    0.1896    0.2304    0.2398    0.2509    0.2313    0.2619    0.2270    0.1874    0.1345
                TPR              0.4960    0.5260    0.4850    0.6530    0.6260    0.6760    0.7360    0.7930    0.9040    0.9620
                sd_TPR           0.3455    0.3410    0.3340    0.2738    0.2831    0.2746    0.3181    0.3030    0.2355    0.1290
                Avg L            4.4600    2.6250    1.8500    1.6900    1.2700    1.0750    1.0300    1.0200    1.0000    1.0000
                Avg T           26.1650   21.5550   26.9200   29.7750   20.6800   18.9250   17.4500   18.9500   16.9600   18.5900

TREX-DA: TAFS   FDR              0.0545    0.0622    0.0981    0.0973    0.1335    0.1586    0.1658    0.1803    0.1900    0.2252
                sd_FDR           0.1173    0.1236    0.1574    0.1423    0.1698    0.1589    0.1591    0.1311    0.1168    0.1165
                TPR              0.6030    0.6000    0.6150    0.7890    0.7390    0.8030    0.8620    0.9250    0.9740    0.9780
                sd_TPR           0.3096    0.3151    0.2960    0.1946    0.2114    0.2010    0.2144    0.1609    0.0834    0.0717
                Avg L            4.8200    2.6950    1.9250    1.7850    1.3000    1.0800    1.0200    1.0000    1.0050    1.0000
                Avg T            7.8150    7.6650    7.7450    7.7550    7.5950    7.5400    7.4000    7.5650    7.5450    7.6550

TREX-DA: TOMP   FDR              0.0463    0.0376    0.0518    0.0566    0.0551    0.0737    0.0753    0.0918    0.0921    0.1286
                sd_FDR           0.1017    0.0911    0.1054    0.0978    0.1093    0.1227    0.1192    0.1208    0.1110    0.1294
                TPR              0.8430    0.8600    0.8450    0.9420    0.9410    0.9340    0.9380    0.9530    0.9640    0.9600
                sd_TPR           0.2953    0.2906    0.3037    0.1072    0.1148    0.1221    0.1274    0.1079    0.0845    0.0982
                Avg L            5.1650    2.8650    1.9250    1.8850    1.4800    1.0400    1.0300    1.0100    1.0100    1.0000
                Avg T            7.9050    7.7800    7.7450    7.8450    7.6300    7.5000    7.7000    7.7700    7.8700    7.8850

==============================================================================

