
==============================================================================
  DA-TRex MC: da_ht_Q_s2_Heavy_Single  (MC=200)
  HT-block Q sweep  n=150  M=5  s=5  rho=0.800000  SNR=2.000000  nu=3.000000  p=M*Q varies  noise=s2_Heavy  linkage=Single
==============================================================================

Solver          Metric      Q         5        10        15        20        25        30        35        40        45        50
---------------------------------------------------------------------------------------------------------------------------------
TREX-DA: TLARS  FDR              0.2038    0.2253    0.2452    0.2440    0.2120    0.2136    0.2409    0.2512    0.2454    0.2661
                sd_FDR           0.2538    0.2606    0.2785    0.2646    0.2274    0.2237    0.2665    0.2439    0.2605    0.2796
                TPR              0.6400    0.6010    0.5400    0.5700    0.5250    0.5920    0.5190    0.5380    0.5440    0.5110
                sd_TPR           0.2885    0.2825    0.3183    0.3137    0.2997    0.3026    0.3126    0.3076    0.3152    0.3059
                Avg L            1.6500    1.8150    1.7650    1.7750    1.7450    1.8800    1.7950    1.8700    1.8150    1.8000
                Avg T           26.3150   36.5800   41.3850   36.9100   36.0250   35.8400   34.2050   30.8300   31.8500   28.3700

TREX-DA: TAFS   FDR              0.1071    0.1227    0.1353    0.1203    0.1193    0.1102    0.1260    0.1267    0.1146    0.1137
                sd_FDR           0.1485    0.1514    0.1768    0.1603    0.1624    0.1629    0.1729    0.1704    0.1566    0.1693
                TPR              0.7450    0.7350    0.6690    0.7090    0.6600    0.7190    0.6730    0.6780    0.6970    0.6750
                sd_TPR           0.2286    0.2320    0.3104    0.3163    0.3343    0.3177    0.3247    0.3318    0.3349    0.3242
                Avg L            1.8200    1.8100    1.8050    1.8450    1.8000    1.7600    1.8800    1.8200    1.8250    1.8150
                Avg T            7.4850    7.4800    7.5100    7.5400    7.6600    7.5050    7.6050    7.1500    7.4450    7.4650

TREX-DA: TOMP   FDR              0.0540    0.0598    0.0798    0.0672    0.0751    0.0673    0.0858    0.0844    0.0655    0.0847
                sd_FDR           0.1108    0.1016    0.1264    0.1192    0.1378    0.1229    0.1387    0.1508    0.1116    0.1397
                TPR              0.9370    0.9170    0.8650    0.9010    0.8140    0.9020    0.8410    0.8410    0.8570    0.8290
                sd_TPR           0.1308    0.1595    0.2406    0.1964    0.3090    0.2215    0.2662    0.2838    0.2788    0.2929
                Avg L            1.9400    1.8800    1.8950    1.8950    1.8750    1.8800    1.8550    1.8900    1.8650    1.9050
                Avg T            7.7950    7.8000    7.7800    7.7950    7.8850    7.9200    7.8850    7.6900    7.8550    7.9000

==============================================================================

