
==============================================================================
  DA-TRex MC: da_ht_Q_s1_Gauss_Complete  (MC=200)
  HT-block Q sweep  n=150  M=5  s=5  rho=0.800000  SNR=2.000000  nu=3.000000  p=M*Q varies  noise=s1_Gauss  linkage=Complete
==============================================================================

Solver          Metric      Q         5        10        15        20        25        30        35        40        45        50
---------------------------------------------------------------------------------------------------------------------------------
TREX-DA: TLARS  FDR              0.2495    0.2571    0.2511    0.2907    0.2843    0.2523    0.2560    0.2682    0.2557    0.2737
                sd_FDR           0.2335    0.2220    0.2309    0.2399    0.2452    0.2051    0.2160    0.2319    0.2236    0.2216
                TPR              0.6470    0.6890    0.6450    0.6470    0.6360    0.6730    0.6910    0.6790    0.6510    0.6810
                sd_TPR           0.2544    0.2336    0.2817    0.2734    0.2696    0.2545    0.2740    0.2785    0.2857    0.2521
                Avg L            1.6400    1.8450    1.7450    1.8200    1.8600    1.7550    1.8550    1.9100    1.8200    1.8850
                Avg T           24.3300   29.1350   31.2350   27.7300   25.4550   25.1950   21.6500   24.1250   23.6350   22.6750

TREX-DA: TAFS   FDR              0.1518    0.1324    0.1254    0.1402    0.1272    0.1307    0.1212    0.1352    0.1128    0.1443
                sd_FDR           0.1694    0.1438    0.1584    0.1531    0.1481    0.1379    0.1449    0.1500    0.1508    0.1474
                TPR              0.7850    0.8210    0.8030    0.7970    0.8270    0.8540    0.8330    0.8350    0.8260    0.8410
                sd_TPR           0.2131    0.1938    0.2516    0.2556    0.2318    0.1992    0.2293    0.2342    0.2609    0.2208
                Avg L            1.7450    1.8200    1.8600    1.8450    1.8750    1.8700    1.9250    1.8700    1.9150    1.9150
                Avg T            7.6400    7.2900    7.6150    7.4450    7.1550    7.4850    7.3050    7.3950    7.4850    7.2200

TREX-DA: TOMP   FDR              0.0607    0.0616    0.0619    0.0544    0.0700    0.0671    0.0567    0.0598    0.0644    0.0675
                sd_FDR           0.1106    0.1118    0.1121    0.0975    0.1194    0.1149    0.1074    0.1075    0.1140    0.1136
                TPR              0.9400    0.9320    0.9380    0.9510    0.9390    0.9360    0.9540    0.9450    0.9420    0.9420
                sd_TPR           0.1284    0.1718    0.1141    0.0908    0.1377    0.1371    0.1231    0.1283    0.1196    0.1072
                Avg L            1.9100    1.8700    1.9150    1.9100    1.8900    1.9150    1.8950    1.8850    1.9150    1.9450
                Avg T            7.9200    7.7700    7.9350    7.8100    7.8400    7.8200    7.8300    7.7800    7.8100    7.7900

==============================================================================

