
==============================================================================
  DA-TRex MC: da_ht_rho_s1_Gauss_Single  (MC=200)
  HT-block rho sweep  n=150  M=5  Q=5  s=5  SNR=2.000000  nu=3.000000  noise=s1_Gauss  linkage=Single
==============================================================================

Solver          Metric    Rho         0      0.10      0.20      0.30      0.40      0.50      0.60      0.70      0.80      0.90
---------------------------------------------------------------------------------------------------------------------------------
TREX-DA: TLARS  FDR              0.0701    0.0597    0.0886    0.0838    0.1237    0.1086    0.1202    0.1545    0.1933    0.2796
                sd_FDR           0.1775    0.1681    0.1672    0.1666    0.1944    0.1929    0.1980    0.2453    0.2565    0.2774
                TPR              0.4990    0.5400    0.5490    0.6520    0.6970    0.7580    0.7630    0.7050    0.6460    0.5320
                sd_TPR           0.2843    0.2575    0.2933    0.2969    0.2885    0.2753    0.2728    0.2919    0.2776    0.2708
                Avg L            1.8500    1.9650    1.8200    1.8350    1.8000    1.8300    1.8100    1.7850    1.7200    1.4600
                Avg T           33.6400   33.9600   29.8750   28.0750   30.5350   29.1350   25.9550   29.7850   27.6100   27.7400

TREX-DA: TAFS   FDR              0.0417    0.0312    0.0426    0.0461    0.0653    0.0673    0.0686    0.0742    0.0909    0.2045
                sd_FDR           0.1253    0.0974    0.1058    0.1152    0.1197    0.1385    0.1174    0.1338    0.1310    0.1997
                TPR              0.5250    0.5670    0.5860    0.6920    0.7240    0.7930    0.8060    0.7940    0.7690    0.6840
                sd_TPR           0.2895    0.2658    0.2895    0.2925    0.2811    0.2384    0.2268    0.2034    0.1945    0.2116
                Avg L            1.9000    1.9700    1.8500    1.8700    1.7800    1.8100    1.7600    1.7650    1.7900    1.7350
                Avg T            7.5050    7.5850    7.4350    7.5000    7.3850    7.1650    7.0100    7.4250    7.4800    7.6400

TREX-DA: TOMP   FDR              0.0228    0.0318    0.0253    0.0318    0.0445    0.0373    0.0342    0.0333    0.0372    0.1437
                sd_FDR           0.1054    0.1293    0.0802    0.0870    0.0991    0.0832    0.0840    0.0794    0.0810    0.1727
                TPR              0.5820    0.6040    0.6560    0.7690    0.8230    0.8940    0.9360    0.9530    0.9540    0.8550
                sd_TPR           0.2844    0.2637    0.2765    0.2545    0.2646    0.1912    0.1614    0.1236    0.0934    0.1724
                Avg L            1.9500    1.9850    1.9300    1.8950    1.8450    1.8250    1.9000    1.9050    1.9100    1.9200
                Avg T            7.7250    7.7800    7.7200    7.6100    7.5300    7.4950    7.6250    7.7900    7.9100    7.9450

==============================================================================

