
==============================================================================
  DA-TRex MC: da_ht_M_s2_Heavy_Complete  (MC=200)
  HT-block M sweep  n=150  Q=5  rho=0.800000  SNR=2.000000  nu=3.000000  p=M*Q and s=M vary  noise=s2_Heavy  linkage=Complete
==============================================================================

Solver          Metric      M         1         3         5        10        15        20        30
---------------------------------------------------------------------------------------------------
TREX-DA: TLARS  FDR              0.0625    0.1287    0.1840    0.2283    0.2168    0.2707    0.2421
                sd_FDR           0.2181    0.2079    0.2011    0.1800    0.1747    0.2207    0.2725
                TPR              0.2150    0.6300    0.7000    0.5920    0.4373    0.2365    0.0895
                sd_TPR           0.4119    0.3778    0.2439    0.2043    0.2010    0.1676    0.0951
                Avg L            1.7150    2.0800    1.7300    1.5650    2.1450    2.4450    2.6000
                Avg T            6.7050   20.8400   25.1150   17.1700   14.3050    8.2650    8.2200

TREX-DA: TAFS   FDR              0.0550    0.2032    0.1468    0.1530    0.1910    0.2544    0.2171
                sd_FDR           0.2286    0.2867    0.1723    0.1097    0.1341    0.2146    0.2782
                TPR              0.0000    0.3683    0.7720    0.7995    0.5780    0.2695    0.0675
                sd_TPR           0.0000    0.3052    0.2074    0.1866    0.2305    0.1893    0.0692
                Avg L            1.0700    1.7700    1.7500    1.3400    1.7900    2.2850    2.7500
                Avg T            5.1500    7.5400    7.3400    6.5700    6.3450    6.0700    5.8850

TREX-DA: TOMP   FDR              0.0025    0.0258    0.0546    0.1316    0.1856    0.2352    0.2084
                sd_FDR           0.0354    0.0932    0.1017    0.1161    0.1358    0.2355    0.2915
                TPR              0.2750    0.8017    0.9490    0.8165    0.5617    0.2450    0.0487
                sd_TPR           0.4476    0.3826    0.1080    0.1956    0.2441    0.1882    0.0538
                Avg L            1.8350    2.3200    1.8950    1.4050    1.8350    2.4100    2.8300
                Avg T            5.6400    7.8350    7.6150    7.1400    6.7200    6.6350    6.5750

==============================================================================

