
==============================================================================
  DA-TRex MC: da_ht_M_s1_Gauss_Complete  (MC=200)
  HT-block M sweep  n=150  Q=5  rho=0.800000  SNR=2.000000  nu=3.000000  p=M*Q and s=M vary  noise=s1_Gauss  linkage=Complete
==============================================================================

Solver          Metric      M         1         3         5        10        15        20        30
---------------------------------------------------------------------------------------------------
TREX-DA: TLARS  FDR              0.0725    0.1485    0.2144    0.2231    0.2437    0.2432    0.2198
                sd_FDR           0.2372    0.2533    0.1992    0.1689    0.1679    0.2332    0.2572
                TPR              0.2100    0.5483    0.6620    0.5895    0.4043    0.2027    0.0790
                sd_TPR           0.4083    0.3924    0.2350    0.1929    0.1851    0.1444    0.0840
                Avg L            1.6900    2.0650    1.6350    1.6550    2.1000    2.3800    2.8850
                Avg T            6.9850   20.8450   22.9500   19.9950   13.3350    9.0250    8.4100

TREX-DA: TAFS   FDR              0.0500    0.1912    0.1291    0.1586    0.2067    0.2567    0.2110
                sd_FDR           0.2185    0.2738    0.1569    0.1295    0.1373    0.2262    0.2736
                TPR              0.0000    0.3517    0.7940    0.8020    0.5187    0.2155    0.0618
                sd_TPR           0.0000    0.3084    0.2014    0.1601    0.1909    0.1430    0.0695
                Avg L            1.0700    1.7350    1.6900    1.4300    1.9100    2.4350    2.9000
                Avg T            5.1200    7.5900    7.5650    6.5000    6.2650    5.8100    5.4050

TREX-DA: TOMP   FDR              0.0000    0.0133    0.0650    0.1530    0.1936    0.2431    0.1986
                sd_FDR           0.0000    0.0749    0.1241    0.1262    0.1449    0.2544    0.2909
                TPR              0.2650    0.8150    0.9350    0.8115    0.4920    0.1790    0.0480
                sd_TPR           0.4424    0.3791    0.1267    0.1633    0.1966    0.1348    0.0555
                Avg L            1.7850    2.3300    1.8650    1.3700    2.0650    2.4850    3.0050
                Avg T            5.5600    7.8600    7.8850    6.6050    6.8500    6.1250    6.7950

==============================================================================

