
==============================================================================
  DA-TRex MC: da_ht_snr_s1_Gauss_Average  (MC=200)
  HT-block SNR sweep  n=150  M=5  Q=5  p=25  s=5  rho=0.800000  nu=3.000000  noise=s1_Gauss  linkage=Average
==============================================================================

Solver          Metric    SNR      0.10      0.20      0.50      0.60         1         2         5
---------------------------------------------------------------------------------------------------
TREX-DA: TLARS  FDR              0.0550    0.1333    0.2063    0.2369    0.2385    0.2181    0.2151
                sd_FDR           0.2179    0.2705    0.2533    0.2472    0.2333    0.2248    0.2244
                TPR              0.0170    0.0960    0.3890    0.5080    0.6190    0.6620    0.6910
                sd_TPR           0.0658    0.1565    0.3042    0.2644    0.2761    0.2459    0.2711
                Avg L            1.6500    2.4750    2.3650    2.3750    1.8700    1.6250    1.6400
                Avg T            9.9900   14.7950   19.6050   25.7200   25.7300   24.8300   25.1300

TREX-DA: TAFS   FDR              0.0367    0.1010    0.1615    0.1852    0.1347    0.1237    0.1457
                sd_FDR           0.1785    0.2386    0.2233    0.2087    0.1647    0.1441    0.1716
                TPR              0.0130    0.1030    0.5000    0.6140    0.8000    0.7760    0.6850
                sd_TPR           0.0533    0.1848    0.3282    0.2782    0.2233    0.1929    0.1820
                Avg L            1.7500    2.5100    2.5550    2.4350    1.9200    1.7650    1.5800
                Avg T            5.4200    5.4100    6.1150    6.5050    7.4550    7.6700    7.2950

TREX-DA: TOMP   FDR              0.0700    0.1060    0.1664    0.1563    0.1061    0.0607    0.0302
                sd_FDR           0.2458    0.2523    0.2080    0.1998    0.1460    0.1153    0.0736
                TPR              0.0220    0.1140    0.5690    0.6690    0.8620    0.9400    0.9650
                sd_TPR           0.0771    0.1765    0.3028    0.2664    0.1752    0.1345    0.0837
                Avg L            1.9650    2.8000    2.7300    2.5000    2.0750    1.9050    1.9100
                Avg T            6.3050    6.2250    6.8200    6.8200    7.5850    7.7900    7.8300

==============================================================================

