
==============================================================================
  T-Rex+GVS MC 2D Grid: Hastie  (MC=200, tFDR=0.1, n=200, p=500)
==============================================================================

  mean_TPP [TENET]
  -----------------------------------------------------------------------
    snr \ rho       0.3       0.5       0.7       0.9      0.95      0.99
  -----------------------------------------------------------------------
          0.2    0.1655    0.4368    0.6659    0.7861    0.8079    0.7941
          0.5    0.6245    0.9027    0.9765    0.9960    0.9967    0.9971
            1    0.8777    0.9864    0.9985    1.0000    1.0000    1.0000
            2    0.9602    0.9978    1.0000    1.0000    1.0000    1.0000
            5    0.9868    0.9995    1.0000    1.0000    1.0000    1.0000



  mean_FDP [TENET]
  -----------------------------------------------------------------------
    snr \ rho       0.3       0.5       0.7       0.9      0.95      0.99
  -----------------------------------------------------------------------
          0.2    0.0515    0.0592    0.0690    0.0686    0.0682    0.0657
          0.5    0.0728    0.0850    0.0866    0.0765    0.0743    0.0651
            1    0.0831    0.0896    0.0805    0.0676    0.0652    0.0586
            2    0.0889    0.0840    0.0682    0.0615    0.0625    0.0559
            5    0.0901    0.0721    0.0624    0.0606    0.0607    0.0585



  mean_TPP [TENET_AUG]
  -----------------------------------------------------------------------
    snr \ rho       0.3       0.5       0.7       0.9      0.95      0.99
  -----------------------------------------------------------------------
          0.2    0.1655    0.4368    0.6659    0.7861    0.8079    0.7941
          0.5    0.6245    0.9027    0.9765    0.9960    0.9967    0.9971
            1    0.8777    0.9864    0.9985    1.0000    1.0000    1.0000
            2    0.9602    0.9978    1.0000    1.0000    1.0000    1.0000
            5    0.9868    0.9995    1.0000    1.0000    1.0000    1.0000



  mean_FDP [TENET_AUG]
  -----------------------------------------------------------------------
    snr \ rho       0.3       0.5       0.7       0.9      0.95      0.99
  -----------------------------------------------------------------------
          0.2    0.0515    0.0592    0.0690    0.0686    0.0682    0.0657
          0.5    0.0728    0.0850    0.0866    0.0765    0.0743    0.0651
            1    0.0831    0.0896    0.0805    0.0676    0.0652    0.0586
            2    0.0889    0.0840    0.0682    0.0615    0.0625    0.0559
            5    0.0901    0.0721    0.0624    0.0606    0.0607    0.0585



  mean_TPP [TIENET_AUG]
  -----------------------------------------------------------------------
    snr \ rho       0.3       0.5       0.7       0.9      0.95      0.99
  -----------------------------------------------------------------------
          0.2    0.0756    0.2155    0.3832    0.5283    0.5547    0.0118
          0.5    0.3221    0.6119    0.8205    0.9134    0.9179    0.0174
            1    0.5694    0.8635    0.9670    0.9894    0.9916    0.0194
            2    0.7635    0.9632    0.9947    0.9987    0.9992    0.0198
            5    0.8853    0.9912    0.9990    1.0000    1.0000    0.0199



  mean_FDP [TIENET_AUG]
  -----------------------------------------------------------------------
    snr \ rho       0.3       0.5       0.7       0.9      0.95      0.99
  -----------------------------------------------------------------------
          0.2    0.0295    0.0190    0.0130    0.0143    0.0168    0.0000
          0.5    0.0136    0.0074    0.0098    0.0190    0.0230    0.0000
            1    0.0079    0.0069    0.0151    0.0233    0.0227    0.0000
            2    0.0053    0.0090    0.0154    0.0151    0.0145    0.0000
            5    0.0048    0.0111    0.0115    0.0052    0.0044    0.0000
