
======================================================================
=== T-Rex Results (averaged over 100 Monte Carlo runs) ===
======================================================================

Solver         Metric    SNR       0.1       0.5       1.0       2.0       5.0 
------------------------------------------------------------------------------ 
TLARS          FDR              0.0150    0.0208    0.0398    0.0389    0.0312 
               TPR              0.0040    0.2190    0.6900    0.9780    1.0000 

TLASSO         FDR              0.0400    0.0188    0.0378    0.0363    0.0355 
               TPR              0.0010    0.1910    0.7000    0.9800    1.0000 

TENET          FDR              0.0200    0.0210    0.0417    0.0376    0.0290 
               TPR              0.0020    0.2080    0.7020    0.9720    1.0000 

TSTAGEWISE     FDR              0.0200    0.0126    0.0436    0.0430    0.0379 
               TPR              0.0010    0.2220    0.7150    0.9850    1.0000 

TSTEPWISE      FDR              0.0300    0.0145    0.0217    0.0285    0.0292 
               TPR              0.0010    0.1890    0.8280    1.0000    1.0000 

TOMP           FDR              0.0400    0.0087    0.0254    0.0291    0.0298 
               TPR              0.0000    0.1950    0.8160    1.0000    1.0000 

TGP            FDR              0.0200    0.0020    0.0267    0.0279    0.0282 
               TPR              0.0020    0.1880    0.8230    1.0000    1.0000 

TACGP          FDR              0.0200    0.0045    0.0265    0.0283    0.0327 
               TPR              0.0020    0.1870    0.8290    1.0000    1.0000 

TMP            FDR              0.0100    0.0070    0.0297    0.0320    0.0241 
               TPR              0.0000    0.1810    0.8190    1.0000    1.0000 

TAFS_rho_0.3   FDR              0.0200    0.0090    0.0321    0.0317    0.0255 
               TPR              0.0010    0.1990    0.8480    0.9990    1.0000 

TAFS_rho_1.0   FDR              0.0300    0.0095    0.0280    0.0295    0.0288 
               TPR              0.0010    0.1740    0.8360    1.0000    1.0000 

TNCGMP_v1      FDR              0.0400    0.0073    0.0218    0.0312    0.0253 
               TPR              0.0020    0.1860    0.8380    1.0000    1.0000 

TNCGMP_v0      FDR              0.0300    0.0075    0.0256    0.0344    0.0253 
               TPR              0.0030    0.1910    0.8250    1.0000    1.0000 

TOOLS          FDR              0.0200    0.0067    0.0286    0.0285    0.0308 
               TPR              0.0020    0.1890    0.8380    1.0000    1.0000 

