
======================================================================
=== T-Rex Results (averaged over 200 Monte Carlo runs) ===
======================================================================

Solver         Metric    SNR       0.1       0.5       1.0       2.0       5.0
------------------------------------------------------------------------------
TLARS          FDR              0.0050    0.0481    0.0427    0.0398    0.0279
               TPR              0.0030    0.2600    0.7360    0.9845    1.0000

TLASSO         FDR              0.0125    0.0400    0.0485    0.0415    0.0286
               TPR              0.0040    0.2535    0.7325    0.9850    1.0000

TENET          FDR              0.0025    0.0522    0.0441    0.0396    0.0278
               TPR              0.0035    0.2565    0.7070    0.9790    1.0000

TSTAGEWISE     FDR              0.0025    0.0451    0.0463    0.0394    0.0270
               TPR              0.0035    0.2530    0.7370    0.9815    1.0000

TSTEPWISE      FDR              0.0025    0.0227    0.0261    0.0266    0.0294
               TPR              0.0030    0.2115    0.8540    1.0000    1.0000

TOMP           FDR              0.0075    0.0189    0.0270    0.0290    0.0280
               TPR              0.0020    0.2245    0.8475    1.0000    1.0000

TGP            FDR              0.0025    0.0154    0.0220    0.0246    0.0291
               TPR              0.0030    0.2070    0.8480    1.0000    1.0000

TACGP          FDR              0.0075    0.0221    0.0247    0.0245    0.0262
               TPR              0.0025    0.2105    0.8470    1.0000    1.0000

TMP            FDR              0.0075    0.0225    0.0262    0.0260    0.0287
               TPR              0.0020    0.2085    0.8480    1.0000    1.0000

TAFS_rho_0.3   FDR              0.0100    0.0277    0.0305    0.0264    0.0270
               TPR              0.0025    0.2525    0.8655    0.9995    1.0000

TAFS_rho_1.0   FDR              0.0125    0.0292    0.0341    0.0278    0.0291
               TPR              0.0030    0.2545    0.8690    0.9995    1.0000

TNCGMP_v1      FDR              0.0025    0.0159    0.0260    0.0224    0.0309
               TPR              0.0035    0.2090    0.8335    1.0000    1.0000

TNCGMP_v0      FDR              0.0025    0.0291    0.0250    0.0245    0.0276
               TPR              0.0020    0.2060    0.8440    1.0000    1.0000

TOOLS          FDR              0.0075    0.0210    0.0260    0.0266    0.0289
               TPR              0.0030    0.2170    0.8540    1.0000    1.0000

