
======================================================================
=== T-Rex Results (averaged over 200 Monte Carlo runs) ===
======================================================================

Solver         Metric    SNR       0.1       0.5       1.0       2.0       5.0
------------------------------------------------------------------------------
TLARS          FDR              0.0058    0.0575    0.0449    0.0434    0.0274
               TPR              0.0045    0.2775    0.7480    0.9860    1.0000

TLASSO         FDR              0.0075    0.0550    0.0464    0.0431    0.0298
               TPR              0.0025    0.2890    0.7490    0.9850    1.0000

TENET          FDR              0.0075    0.0545    0.0440    0.0428    0.0267
               TPR              0.0050    0.2860    0.7290    0.9750    1.0000

TSTAGEWISE     FDR              0.0075    0.0609    0.0463    0.0430    0.0312
               TPR              0.0060    0.2950    0.7525    0.9865    1.0000

TSTEPWISE      FDR              0.0025    0.0233    0.0245    0.0267    0.0287
               TPR              0.0035    0.2120    0.8520    1.0000    1.0000

TOMP           FDR              0.0075    0.0138    0.0235    0.0252    0.0283
               TPR              0.0040    0.2190    0.8600    1.0000    1.0000

TGP            FDR              0.0075    0.0257    0.0264    0.0273    0.0269
               TPR              0.0035    0.2170    0.8520    1.0000    1.0000

TACGP          FDR              0.0075    0.0229    0.0247    0.0273    0.0268
               TPR              0.0035    0.2265    0.8645    1.0000    1.0000

TMP            FDR              0.0025    0.0237    0.0272    0.0273    0.0292
               TPR              0.0035    0.2095    0.8515    1.0000    1.0000

TAFS_rho_0.3   FDR              0.0025    0.0337    0.0320    0.0267    0.0273
               TPR              0.0030    0.2710    0.8700    1.0000    1.0000

TAFS_rho_1.0   FDR              0.0075    0.0363    0.0321    0.0259    0.0286
               TPR              0.0040    0.2695    0.8760    1.0000    1.0000

TNCGMP_v1      FDR              0.0100    0.0214    0.0265    0.0253    0.0295
               TPR              0.0035    0.2220    0.8520    1.0000    1.0000

TNCGMP_v0      FDR              0.0025    0.0208    0.0282    0.0266    0.0292
               TPR              0.0035    0.2145    0.8465    1.0000    1.0000

TOOLS          FDR              0.0075    0.0159    0.0276    0.0278    0.0299
               TPR              0.0030    0.2195    0.8750    1.0000    1.0000

