
======================================================================
=== T-Rex Results (averaged over 200 Monte Carlo runs) ===
======================================================================

  SNR                          0.10      0.20      0.30      0.40      0.50      0.60      0.70      0.80      0.90
-------------------------------------------------------------------------------------------------------------------

TLARS
  FDR                        0.0150    0.0096    0.0213    0.0395    0.0491    0.0480    0.0456    0.0513    0.0597
  TPR                        0.0005    0.0215    0.0690    0.1535    0.2765    0.3705    0.4815    0.6010    0.6895
  Avg L                      2.9000    5.1550    6.6000    7.6500    7.1050    6.8650    5.9100    5.2350    4.8750
  Avg T                      3.6200    3.4150    3.6500    4.7350    5.4200    6.2000    6.4650    6.6150    6.9600

TLASSO
  FDR                        0.0175    0.0204    0.0210    0.0413    0.0436    0.0455    0.0447    0.0496    0.0563
  TPR                        0.0030    0.0205    0.0650    0.1495    0.2685    0.3815    0.4910    0.6030    0.6870
  Avg L                      2.8900    5.0200    6.6350    7.7200    7.5450    7.1500    5.8400    5.6300    4.8800
  Avg T                      3.7100    3.4850    3.7250    4.7600    5.6400    6.4250    6.3050    7.1950    6.8950

TENET
  FDR                        0.0225    0.0321    0.0192    0.0375    0.0571    0.0578    0.0423    0.0507    0.0568
  TPR                        0.0015    0.0225    0.0600    0.1520    0.2730    0.3825    0.4650    0.5900    0.6775
  Avg L                      2.8450    5.1750    6.4750    7.8100    7.3200    7.2000    5.6900    5.4100    4.8050
  Avg T                      3.8050    3.4950    3.5600    4.7800    5.5950    6.5200    6.1250    6.8700    6.9350

TSTAGEWISE
  FDR                        0.0175    0.0192    0.0233    0.0356    0.0443    0.0498    0.0438    0.0503    0.0592
  TPR                        0.0020    0.0255    0.0690    0.1480    0.2770    0.3670    0.4800    0.6125    0.6925
  Avg L                      2.7950    5.1700    6.7900    7.6100    7.1850    6.7300    6.0500    5.7200    4.7400
  Avg T                      3.6350    3.6100    3.6200    4.6450    5.6000    6.0900    6.5600    7.1150    6.7600

TSTEPWISE
  FDR                        0.0150    0.0029    0.0054    0.0235    0.0205    0.0204    0.0184    0.0236    0.0215
  TPR                        0.0010    0.0170    0.0465    0.0860    0.2040    0.3165    0.4605    0.6220    0.7750
  Avg L                      2.8100    4.9800    6.8400    7.6850    6.9750    6.4350    5.4950    4.5500    3.7950
  Avg T                      5.2950    5.1450    5.3250    5.4800    5.9050    6.4250    6.7500    6.6950    6.7150

TOMP
  FDR                        0.0150    0.0042    0.0204    0.0182    0.0185    0.0179    0.0195    0.0258    0.0211
  TPR                        0.0010    0.0180    0.0505    0.0945    0.2040    0.3105    0.4435    0.6155    0.7780
  Avg L                      2.8700    4.9650    6.6700    7.5450    7.2100    6.5950    5.5100    4.3650    3.7900
  Avg T                      5.5200    5.1450    5.2050    5.5750    5.8450    6.5250    6.7000    6.7750    6.7900

TGP
  FDR                        0.0125    0.0042    0.0083    0.0193    0.0238    0.0195    0.0193    0.0209    0.0230
  TPR                        0.0020    0.0160    0.0495    0.0900    0.2165    0.3110    0.4455    0.6230    0.7615
  Avg L                      2.8450    5.0800    6.7300    7.6050    6.8950    6.3750    5.5500    4.8000    4.0050
  Avg T                      5.4000    5.2300    5.2400    5.1850    6.1750    6.2400    6.6250    7.1800    6.8500

TACGP
  FDR                        0.0100    0.0050    0.0096    0.0214    0.0192    0.0142    0.0213    0.0272    0.0209
  TPR                        0.0005    0.0155    0.0485    0.0975    0.2095    0.3100    0.4505    0.6245    0.7705
  Avg L                      2.7450    5.0200    6.7200    7.6150    7.0600    6.6500    5.4600    4.5100    4.1700
  Avg T                      5.4850    5.2850    5.2550    5.3600    6.0000    6.1500    6.6000    6.8400    6.8800

TMP
  FDR                        0.0250    0.0042    0.0083    0.0264    0.0138    0.0156    0.0216    0.0254    0.0222
  TPR                        0.0020    0.0165    0.0435    0.0920    0.2040    0.3130    0.4545    0.6200    0.7615
  Avg L                      2.8850    5.2050    6.6750    7.4350    7.1950    6.3250    5.3900    4.6650    3.9850
  Avg T                      5.3700    5.3550    5.1350    5.4250    5.7950    6.4600    6.5500    6.9900    6.8750

TAFS_rho_0.3
  FDR                        0.0225    0.0129    0.0096    0.0299    0.0292    0.0237    0.0252    0.0309    0.0283
  TPR                        0.0020    0.0175    0.0575    0.1220    0.2550    0.3790    0.4975    0.6780    0.8035
  Avg L                      2.7900    5.1600    6.6200    7.7000    7.4050    6.6350    5.4550    4.6750    4.6600
  Avg T                      4.5300    4.0750    4.1600    5.0900    5.9200    6.6900    6.5800    7.0100    7.0700

TAFS_rho_1.0
  FDR                        0.0225    0.0182    0.0150    0.0276    0.0220    0.0297    0.0203    0.0310    0.0293
  TPR                        0.0020    0.0195    0.0605    0.1265    0.2545    0.3680    0.5180    0.6840    0.7980
  Avg L                      2.8750    5.1600    6.7900    7.4950    6.8550    6.7500    5.3050    5.2050    4.3400
  Avg T                      4.3650    3.9750    4.1300    5.0200    5.8550    6.5200    6.4700    7.5900    7.2300

TNCGMP_v1
  FDR                        0.0100    0.0000    0.0096    0.0206    0.0174    0.0185    0.0217    0.0216    0.0263
  TPR                        0.0015    0.0145    0.0485    0.0880    0.2040    0.3190    0.4415    0.6215    0.7680
  Avg L                      2.8200    5.0400    6.5200    7.7150    7.1600    6.4450    5.4750    3.9450    4.1050
  Avg T                      5.2700    5.1550    5.2200    5.4700    5.8600    6.4700    6.4300    6.6350    6.9350

TNCGMP_v0
  FDR                        0.0225    0.0025    0.0075    0.0217    0.0227    0.0186    0.0190    0.0216    0.0239
  TPR                        0.0025    0.0145    0.0410    0.0885    0.2095    0.3170    0.4520    0.6230    0.7605
  Avg L                      2.8700    5.1300    6.5950    7.5150    7.0250    6.4750    5.4950    4.7450    3.7950
  Avg T                      5.5250    5.2000    5.0550    5.2750    5.9900    6.2600    6.4100    6.8250    6.9650

TOOLS
  FDR                        0.0150    0.0067    0.0154    0.0164    0.0160    0.0218    0.0211    0.0269    0.0256
  TPR                        0.0005    0.0145    0.0430    0.0955    0.2145    0.3170    0.4635    0.6360    0.7790
  Avg L                      2.8750    5.1600    6.6450    7.4450    7.0850    6.4250    5.2200    4.6750    3.6750
  Avg T                      5.4750    5.1150    5.1450    5.4900    6.0800    6.3500    6.4150    6.9800    6.4550

  SNR                          1.00      1.10      1.20      1.30      1.40      1.50      1.60      1.70      1.80
-------------------------------------------------------------------------------------------------------------------

TLARS  (continued)
  FDR                        0.0488    0.0527    0.0519    0.0506    0.0490    0.0505    0.0464    0.0395    0.0438
  TPR                        0.7565    0.8030    0.8370    0.8655    0.9115    0.9175    0.9400    0.9565    0.9770
  Avg L                      4.2650    4.0400    3.5000    3.0950    2.7250    2.4900    2.5000    2.4500    2.2400
  Avg T                      6.6300    6.5650    6.2450    5.7400    5.4850    5.4150    5.1750    5.5000    5.3500

TLASSO  (continued)
  FDR                        0.0538    0.0463    0.0447    0.0500    0.0504    0.0500    0.0479    0.0348    0.0419
  TPR                        0.7505    0.7955    0.8345    0.8685    0.9070    0.9205    0.9445    0.9550    0.9770
  Avg L                      4.2150    3.8000    3.2300    3.2450    3.0500    2.7850    2.6400    2.4350    2.0050
  Avg T                      6.5300    6.3250    5.8700    5.8350    5.9450    5.6250    5.7550    5.3000    5.0450

TENET  (continued)
  FDR                        0.0531    0.0496    0.0509    0.0457    0.0462    0.0498    0.0431    0.0373    0.0420
  TPR                        0.7485    0.7890    0.8240    0.8570    0.8970    0.9105    0.9265    0.9435    0.9660
  Avg L                      4.3350    3.9950    3.4250    3.1450    3.0350    2.5850    2.6350    2.5950    2.0600
  Avg T                      6.6900    6.3150    6.0550    5.9200    5.8550    5.5400    5.1800    5.4200    5.0500

TSTAGEWISE  (continued)
  FDR                        0.0526    0.0455    0.0491    0.0509    0.0480    0.0504    0.0461    0.0370    0.0456
  TPR                        0.7505    0.8100    0.8290    0.8625    0.9125    0.9185    0.9430    0.9555    0.9755
  Avg L                      3.9300    3.9300    3.3200    3.0650    2.7900    2.5500    2.4750    2.3900    2.2350
  Avg T                      6.1300    6.7500    5.7650    5.7400    5.8150    5.3750    5.5300    5.3000    5.4750

TSTEPWISE  (continued)
  FDR                        0.0171    0.0268    0.0236    0.0265    0.0311    0.0293    0.0273    0.0266    0.0325
  TPR                        0.8650    0.9365    0.9565    0.9780    0.9930    0.9930    0.9975    0.9990    1.0000
  Avg L                      2.7850    2.4200    2.1250    1.7900    1.5750    1.4850    1.2900    1.2350    1.1800
  Avg T                      6.5100    6.0650    5.9850    6.1300    5.8600    5.8800    5.7950    5.7800    5.4350

TOMP  (continued)
  FDR                        0.0177    0.0221    0.0268    0.0238    0.0337    0.0280    0.0276    0.0275    0.0352
  TPR                        0.8645    0.9400    0.9590    0.9765    0.9890    0.9945    0.9970    0.9980    1.0000
  Avg L                      2.8800    2.4350    2.4250    1.7400    1.5000    1.3450    1.3100    1.2250    1.1950
  Avg T                      6.5650    6.3600    6.3850    5.9400    5.7550    5.7400    5.8650    5.7300    5.5350

TGP  (continued)
  FDR                        0.0169    0.0253    0.0262    0.0263    0.0292    0.0313    0.0280    0.0244    0.0320
  TPR                        0.8700    0.9350    0.9545    0.9765    0.9895    0.9935    0.9975    0.9990    1.0000
  Avg L                      3.1100    2.5700    2.2850    1.7900    1.4500    1.3550    1.3200    1.2100    1.2300
  Avg T                      6.4800    6.0900    6.0500    5.8450    5.8050    5.7600    5.7750    5.7300    5.5050

TACGP  (continued)
  FDR                        0.0159    0.0220    0.0260    0.0252    0.0305    0.0297    0.0283    0.0257    0.0341
  TPR                        0.8645    0.9255    0.9570    0.9805    0.9920    0.9940    0.9960    0.9990    1.0000
  Avg L                      3.0350    2.6800    2.3550    1.7650    1.3550    1.4500    1.2950    1.2200    1.2600
  Avg T                      6.7500    6.2600    6.2500    5.8050    5.6450    5.7950    5.5950    5.7000    5.6150

TMP  (continued)
  FDR                        0.0190    0.0227    0.0218    0.0275    0.0362    0.0306    0.0315    0.0286    0.0316
  TPR                        0.8680    0.9300    0.9570    0.9735    0.9885    0.9930    0.9965    0.9985    0.9985
  Avg L                      2.7950    2.3700    2.4300    1.6300    1.5600    1.4350    1.2850    1.2650    1.2250
  Avg T                      6.5200    6.4450    6.2600    5.8000    5.6900    5.9200    5.6900    5.7850    5.5100

TAFS_rho_0.3  (continued)
  FDR                        0.0240    0.0320    0.0318    0.0315    0.0378    0.0324    0.0319    0.0256    0.0325
  TPR                        0.8820    0.9350    0.9570    0.9670    0.9860    0.9955    0.9935    0.9960    0.9995
  Avg L                      3.1000    3.0500    2.4250    2.0850    1.7350    1.6550    1.4150    1.3900    1.2800
  Avg T                      6.2100    6.2300    5.8750    5.5600    5.7800    5.7800    5.2200    5.4350    5.1500

TAFS_rho_1.0  (continued)
  FDR                        0.0235    0.0328    0.0299    0.0322    0.0317    0.0323    0.0278    0.0261    0.0348
  TPR                        0.8745    0.9365    0.9590    0.9765    0.9890    0.9920    0.9940    0.9965    0.9995
  Avg L                      3.4100    2.9200    2.4300    2.0600    1.6850    1.6600    1.4400    1.3550    1.3150
  Avg T                      6.4450    6.4200    6.2050    5.7150    5.4200    5.4300    5.4200    5.1250    5.1400

TNCGMP_v1  (continued)
  FDR                        0.0158    0.0239    0.0240    0.0247    0.0367    0.0297    0.0326    0.0277    0.0330
  TPR                        0.8550    0.9270    0.9525    0.9740    0.9900    0.9915    0.9975    0.9990    0.9990
  Avg L                      3.1450    2.5050    2.1300    1.9200    1.5700    1.4350    1.3150    1.2000    1.2300
  Avg T                      6.4950    6.4000    5.8550    5.9850    5.9750    5.9150    5.7350    5.6250    5.5800

TNCGMP_v0  (continued)
  FDR                        0.0176    0.0224    0.0227    0.0262    0.0323    0.0274    0.0359    0.0278    0.0338
  TPR                        0.8510    0.9295    0.9495    0.9775    0.9915    0.9905    0.9970    0.9985    0.9990
  Avg L                      3.0600    2.5650    2.0650    1.8000    1.3950    1.4950    1.3600    1.2600    1.2650
  Avg T                      6.6950    6.3400    5.9750    5.6950    5.5850    5.6900    5.8350    5.7200    5.6600

TOOLS  (continued)
  FDR                        0.0159    0.0243    0.0273    0.0262    0.0277    0.0291    0.0307    0.0268    0.0343
  TPR                        0.8630    0.9400    0.9585    0.9790    0.9885    0.9960    0.9975    0.9990    1.0000
  Avg L                      2.9150    2.3750    2.0850    1.8050    1.4250    1.4400    1.3200    1.2750    1.2050
  Avg T                      6.6200    6.3550    6.0150    5.8850    5.7800    5.7000    5.8400    5.7450    5.6900

  SNR                          1.90      2.00      5.00
-------------------------------------------------------

TLARS  (continued)
  FDR                        0.0371    0.0456    0.0396
  TPR                        0.9765    0.9865    1.0000
  Avg L                      2.1000    1.9500    1.2400
  Avg T                      5.1300    5.2300    4.6200

TLASSO  (continued)
  FDR                        0.0400    0.0474    0.0354
  TPR                        0.9790    0.9845    1.0000
  Avg L                      2.0550    1.9950    1.2100
  Avg T                      5.0500    5.2450    4.3150

TENET  (continued)
  FDR                        0.0365    0.0455    0.0367
  TPR                        0.9685    0.9785    1.0000
  Avg L                      2.1100    2.1500    1.2200
  Avg T                      5.1450    5.3200    4.4400

TSTAGEWISE  (continued)
  FDR                        0.0353    0.0428    0.0326
  TPR                        0.9780    0.9825    1.0000
  Avg L                      2.0850    1.8800    1.1900
  Avg T                      5.0750    5.0550    4.3000

TSTEPWISE  (continued)
  FDR                        0.0292    0.0317    0.0329
  TPR                        0.9995    1.0000    1.0000
  Avg L                      1.2050    1.1800    1.1600
  Avg T                      5.7150    5.5850    5.6350

TOMP  (continued)
  FDR                        0.0304    0.0280    0.0304
  TPR                        0.9995    0.9995    1.0000
  Avg L                      1.2200    1.1600    1.1300
  Avg T                      5.6800    5.5350    5.6900

TGP  (continued)
  FDR                        0.0312    0.0287    0.0323
  TPR                        0.9995    1.0000    1.0000
  Avg L                      1.2150    1.1550    1.1850
  Avg T                      5.5350    5.6350    5.5650

TACGP  (continued)
  FDR                        0.0282    0.0281    0.0285
  TPR                        0.9995    1.0000    1.0000
  Avg L                      1.2050    1.1250    1.1600
  Avg T                      5.5900    5.6450    5.6450

TMP  (continued)
  FDR                        0.0268    0.0306    0.0318
  TPR                        0.9990    1.0000    1.0000
  Avg L                      1.1650    1.1600    1.1450
  Avg T                      5.3800    5.6400    5.5400

TAFS_rho_0.3  (continued)
  FDR                        0.0300    0.0391    0.0344
  TPR                        0.9995    0.9995    1.0000
  Avg L                      1.3000    1.2850    1.1550
  Avg T                      5.1100    5.2050    4.8250

TAFS_rho_1.0  (continued)
  FDR                        0.0305    0.0380    0.0335
  TPR                        0.9990    0.9995    1.0000
  Avg L                      1.2150    1.2500    1.1500
  Avg T                      4.9650    5.2900    4.8350

TNCGMP_v1  (continued)
  FDR                        0.0286    0.0313    0.0348
  TPR                        0.9995    1.0000    1.0000
  Avg L                      1.1800    1.2000    1.2100
  Avg T                      5.4850    5.7200    5.6200

TNCGMP_v0  (continued)
  FDR                        0.0282    0.0313    0.0321
  TPR                        0.9995    1.0000    1.0000
  Avg L                      1.1700    1.2000    1.1250
  Avg T                      5.7050    5.6650    5.4750

TOOLS  (continued)
  FDR                        0.0290    0.0289    0.0325
  TPR                        0.9995    1.0000    1.0000
  Avg L                      1.1900    1.1750    1.1450
  Avg T                      5.6150    5.6350    5.6050

