
==============================================================================
  T-Rex+GVS MC 2D Grid: t3-Blocks  (MC=200, tFDR=0.1, n=200, p=500)
==============================================================================

  mean_TPP [TENET]
  -----------------------------------------------------------------------
    snr \ rho       0.3       0.5       0.7      0.85       0.9      0.99
  -----------------------------------------------------------------------
          0.2    0.3713    0.6060    0.7201    0.7720    0.7833    0.8017
          0.5    0.6854    0.8116    0.8643    0.8843    0.8888    0.8929
            1    0.7955    0.8710    0.9026    0.9146    0.9172    0.9199
            2    0.8461    0.8999    0.9231    0.9348    0.9368    0.9406
            5    0.8765    0.9180    0.9371    0.9482    0.9511    0.9523



  mean_FDP [TENET]
  -----------------------------------------------------------------------
    snr \ rho       0.3       0.5       0.7      0.85       0.9      0.99
  -----------------------------------------------------------------------
          0.2    0.0895    0.0867    0.0853    0.0864    0.0853    0.0877
          0.5    0.0832    0.0887    0.0888    0.0835    0.0803    0.0770
            1    0.0853    0.0858    0.0824    0.0789    0.0782    0.0705
            2    0.0832    0.0847    0.0814    0.0794    0.0754    0.0687
            5    0.0865    0.0834    0.0799    0.0803    0.0770    0.0683



  mean_TPP [TENET_AUG]
  -----------------------------------------------------------------------
    snr \ rho       0.3       0.5       0.7      0.85       0.9      0.99
  -----------------------------------------------------------------------
          0.2    0.3713    0.6060    0.7201    0.7720    0.7833    0.8017
          0.5    0.6854    0.8116    0.8643    0.8843    0.8888    0.8929
            1    0.7955    0.8710    0.9026    0.9146    0.9172    0.9199
            2    0.8461    0.8999    0.9231    0.9348    0.9368    0.9406
            5    0.8765    0.9180    0.9371    0.9482    0.9511    0.9523



  mean_FDP [TENET_AUG]
  -----------------------------------------------------------------------
    snr \ rho       0.3       0.5       0.7      0.85       0.9      0.99
  -----------------------------------------------------------------------
          0.2    0.0895    0.0867    0.0853    0.0864    0.0853    0.0877
          0.5    0.0832    0.0887    0.0888    0.0835    0.0803    0.0770
            1    0.0853    0.0858    0.0824    0.0789    0.0782    0.0705
            2    0.0832    0.0847    0.0814    0.0794    0.0754    0.0687
            5    0.0865    0.0834    0.0799    0.0803    0.0770    0.0683



  mean_TPP [TIENET_AUG]
  -----------------------------------------------------------------------
    snr \ rho       0.3       0.5       0.7      0.85       0.9      0.99
  -----------------------------------------------------------------------
          0.2    0.2014    0.3973    0.5413    0.6126    0.6197    0.0070
          0.5    0.4698    0.6459    0.7247    0.7511    0.7467    0.0074
            1    0.6101    0.7323    0.7768    0.7849    0.7764    0.0076
            2    0.6886    0.7733    0.8052    0.8141    0.8087    0.0080
            5    0.7333    0.7941    0.8279    0.8309    0.8215    0.0080



  mean_FDP [TIENET_AUG]
  -----------------------------------------------------------------------
    snr \ rho       0.3       0.5       0.7      0.85       0.9      0.99
  -----------------------------------------------------------------------
          0.2    0.0623    0.0376    0.0336    0.0381    0.0375    0.0025
          0.5    0.0223    0.0148    0.0185    0.0212    0.0207    0.0000
            1    0.0103    0.0097    0.0101    0.0123    0.0184    0.0000
            2    0.0060    0.0052    0.0060    0.0064    0.0077    0.0000
            5    0.0031    0.0027    0.0038    0.0037    0.0028    0.0000
